0 6000 0
1 8000 0
2 10000 0
3 12000 0
4 14000 0
5 16000 0
6 18000 0
7 20000 0
8 22000 0
9 24000 0
10 26000 0
11 28000 0
12 30000 0
13 32000 0
14 34000 0
15 36000 0
16 38000 0
17 40000 0
18 42000 0
19 44000 0
20 46000 0
21 48000 0
22 50000 0
23 52000 0
24 54000 0
25 56000 0
26 58000 0
27 60000 0
28 62000 0
29 64000 0
30 66000 0
31 68000 0
32 70000 0
33 72000 0
34 74000 0
35 76000 0
36 78000 0
37 80000 0
38 82000 0
39 84000 0
40 86000 0
41 88000 0
42 90000 0
43 92000 0
44 94000 0
45 96000 0
46 98000 0
47 100000 0
48 102000 0
49 104000 0
50 106000 0
51 108000 0
52 110000 0
53 112000 0
54 114000 0
55 116000 0
56 118000 0
57 120000 0
58 122000 0
59 124000 0
60 126000 0
61 128000 0
62 130000 0
63 132000 0
64 134000 0
65 136000 0
66 138000 0
67 140000 0
68 142000 0
69 144000 0
70 146000 0
71 148000 0
72 150000 0
73 152000 0
74 154000 0
75 156000 0
76 158000 0
77 160000 0
78 162000 0
79 164000 0
80 166000 0
81 168000 0
82 170000 0
83 172000 0
84 174000 0
85 176000 0
86 178000 0
87 180000 0
88 182000 0
89 184000 0
90 186000 0
91 188000 0
92 190000 0
93 192000 0
94 194000 0
95 196000 0
96 198000 0
97 200000 0
98 202000 0
99 204000 0
100 206000 0
101 208000 0
102 210000 0
103 212000 0
104 214000 0
105 216000 0
106 218000 0
107 220000 0
108 222000 0
109 224000 0
110 226000 0
111 228000 0
112 230000 0
113 232000 0
114 234000 0
115 236000 0
116 238000 0
117 240000 0
118 242000 0
119 244000 0
120 246000 0
121 248000 0
122 250000 0
123 252000 0
124 254000 0
125 256000 0
126 258000 0
127 260000 0
128 262000 0
129 264000 0
130 266000 0
131 268000 0
132 270000 0
133 272000 0
134 274000 0
135 276000 0
136 278000 0
137 280000 0
138 282000 0
139 284000 0
140 286000 0
141 288000 0
142 290000 0
143 292000 0
144 294000 0
145 296000 0
146 298000 0
147 300000 0
148 302000 0
149 304000 0
150 306000 0
151 308000 0
152 310000 0
153 312000 0
154 314000 0
155 316000 0
156 318000 0
157 320000 0
158 322000 0
159 324000 0
160 326000 0
161 328000 0
162 330000 0
163 332000 0
164 334000 0
165 336000 0
166 338000 0
167 340000 0
168 342000 0
169 344000 0
170 346000 0
171 348000 0
172 350000 0
173 352000 0
174 354000 0
175 356000 0
176 358000 0
177 360000 0
178 362000 0
179 364000 0
180 366000 0
181 368000 0
182 370000 0
183 372000 0
184 374000 0
185 376000 0
186 378000 0
187 380000 0
188 382000 0
189 384000 0
190 386000 0
191 388000 0
192 390000 0
193 392000 0
194 394000 0
195 396000 0
196 398000 0
197 400000 0
198 402000 0
199 404000 0
200 406000 0
201 408000 0
202 410000 0
203 412000 0
204 414000 0
205 416000 0
206 418000 0
207 420000 0
208 422000 0
209 424000 0
210 426000 0
211 428000 0
212 430000 0
213 432000 0
214 434000 0
215 436000 0
216 438000 0
217 440000 0
218 442000 0
219 444000 0
220 446000 0
221 448000 0
222 450000 0
223 452000 0
224 454000 0
225 456000 0
226 458000 0
227 460000 0
228 462000 0
229 464000 0
230 466000 0
231 468000 0
232 470000 0
233 472000 0
234 474000 0
235 476000 0
236 478000 0
237 480000 0
238 482000 0
239 484000 0
240 486000 0
241 488000 0
242 490000 0
243 492000 0
244 494000 0
245 496000 0
246 498000 0
247 500000 0
248 502000 0
249 504000 0
250 506000 0
251 508000 0
252 510000 0
253 512000 0
254 514000 0
255 516000 0
256 518000 0
257 520000 0
258 522000 0
259 524000 0
260 526000 0
261 528000 0
262 530000 0
263 532000 0
264 534000 0
265 536000 0
266 538000 0
267 540000 0
268 542000 0
269 544000 0
270 546000 0
271 548000 0
272 550000 0
273 552000 0
274 554000 0
275 556000 0
276 558000 0
277 560000 0
278 562000 0
279 564000 0
280 566000 0
281 568000 0
282 570000 0
283 572000 0
284 574000 0
285 576000 0
286 578000 0
287 580000 0
288 582000 0
289 584000 0
290 586000 0
291 588000 0
292 590000 0
293 592000 0
294 594000 0
295 596000 0
296 598000 0
297 600000 0
298 602000 0
299 604000 0
300 606000 0
301 608000 0
302 610000 0
303 612000 0
304 614000 0
305 616000 0
306 618000 0
307 620000 0
308 622000 0
309 624000 0
310 626000 0
311 628000 0
312 630000 0
313 632000 0
314 634000 0
315 636000 0
316 638000 0
317 640000 0
318 642000 0
319 644000 0
320 646000 0
321 648000 0
322 650000 0
323 652000 0
324 654000 0
325 656000 0
326 658000 0
327 660000 0
328 662000 0
329 664000 0
330 666000 0
331 668000 0
332 670000 0
333 672000 0
334 674000 0
335 676000 0
336 678000 0
337 680000 0
338 682000 0
339 684000 0
340 686000 0
341 688000 0
342 690000 0
343 692000 0
344 694000 0
345 696000 0
346 698000 0
347 700000 0
348 702000 0
349 704000 0
350 706000 0
351 708000 0
352 710000 0
353 712000 0
354 714000 0
355 716000 0
356 718000 0
357 720000 0
358 722000 0
359 724000 0
360 726000 0
361 728000 0
362 730000 0
363 732000 0
364 734000 0
365 736000 0
366 738000 0
367 740000 0
368 742000 0
369 744000 0
370 746000 0
371 748000 0
372 750000 0
373 752000 0
374 754000 0
375 756000 0
376 758000 0
377 760000 0
378 762000 0
379 764000 0
380 766000 0
381 768000 0
382 770000 0
383 772000 0
384 774000 0
385 776000 0
386 778000 0
387 780000 0
388 782000 0
389 784000 0
390 786000 0
391 788000 0
392 790000 0
393 792000 0
394 794000 0
395 796000 0
396 798000 0
397 800000 0
398 802000 0
399 804000 0
400 806000 0
401 808000 0
402 810000 0
403 812000 0
404 814000 0
405 816000 0
406 818000 0
407 820000 0
408 822000 0
409 824000 0
410 826000 0
411 828000 0
412 830000 0
413 832000 0
414 834000 0
415 836000 0
416 838000 0
417 840000 0
418 842000 0
419 844000 0
420 846000 0
421 848000 0
422 850000 0
423 852000 0
424 854000 0
425 856000 0
426 858000 0
427 860000 0
428 862000 0
429 864000 0
430 866000 0
431 868000 0
432 870000 0
433 872000 0
434 874000 0
435 876000 0
436 878000 0
437 880000 0
438 882000 0
439 884000 0
440 886000 0
441 888000 0
442 890000 0
443 892000 0
444 894000 0
445 896000 0
446 898000 0
447 900000 0
448 902000 0
449 904000 0
450 906000 0
451 908000 0
452 910000 0
453 912000 0
454 914000 0
455 916000 0
456 918000 0
457 920000 0
458 922000 0
459 924000 0
460 926000 0
461 928000 0
462 930000 0
463 932000 0
464 934000 0
465 936000 0
466 938000 0
467 940000 0
468 942000 0
469 944000 0
470 946000 0
471 948000 0
472 950000 0
473 952000 0
474 954000 0
475 956000 0
476 958000 0
477 960000 0
478 962000 0
479 964000 0
480 966000 0
481 968000 0
482 970000 0
483 972000 0
484 974000 0
485 976000 0
486 978000 0
487 980000 0
488 982000 0
489 984000 0
490 986000 0
491 988000 0
492 990000 0
493 992000 0
494 994000 0
495 996000 0
496 998000 0
497 1000000 0
498 1002000 0
499 1004000 0
500 1006000 0
501 1008000 0
502 1010000 0
503 1012000 0
504 1014000 0
505 1016000 0
506 1018000 0
507 1020000 0
508 1022000 0
509 1024000 0
510 1026000 0
511 1028000 0
512 1030000 0
513 1032000 0
514 1034000 0
515 1036000 0
516 1038000 0
517 1040000 0
518 1042000 0
519 1044000 0
520 1046000 0
521 1048000 0
522 1050000 0
523 1052000 0
524 1054000 0
525 1056000 0
526 1058000 0
527 1060000 0
528 1062000 0
529 1064000 0
530 1066000 0
531 1068000 0
532 1070000 0
533 1072000 0
534 1074000 0
535 1076000 0
536 1078000 0
537 1080000 0
538 1082000 0
539 1084000 0
540 1086000 0
541 1088000 0
542 1090000 0
543 1092000 0
544 1094000 0
545 1096000 0
546 1098000 0
547 1100000 0
548 1102000 0
549 1104000 0
550 1106000 0
551 1108000 0
552 1110000 0
553 1112000 0
554 1114000 0
555 1116000 0
556 1118000 0
557 1120000 0
558 1122000 0
559 1124000 0
560 1126000 0
561 1128000 0
562 1130000 0
563 1132000 0
564 1134000 0
565 1136000 0
566 1138000 0
567 1140000 0
568 1142000 0
569 1144000 0
570 1146000 0
571 1148000 0
572 1150000 0
573 1152000 0
574 1154000 0
575 1156000 0
576 1158000 0
577 1160000 0
578 1162000 0
579 1164000 0
580 1166000 0
581 1168000 0
582 1170000 0
583 1172000 0
584 1174000 0
585 1176000 0
586 1178000 0
587 1180000 0
588 1182000 0
589 1184000 0
590 1186000 0
591 1188000 0
592 1190000 0
593 1192000 0
594 1194000 0
595 1196000 0
596 1198000 0
597 1200000 0
598 1202000 0
599 1204000 0
600 1206000 0
601 1208000 0
602 1210000 0
603 1212000 0
604 1214000 0
605 1216000 0
606 1218000 0
607 1220000 0
608 1222000 0
609 1224000 0
610 1226000 0
611 1228000 0
612 1230000 0
613 1232000 0
614 1234000 0
615 1236000 0
616 1238000 0
617 1240000 0
618 1242000 0
619 1244000 0
620 1246000 0
621 1248000 0
622 1250000 0
623 1252000 0
624 1254000 0
625 1256000 0
626 1258000 0
627 1260000 0
628 1262000 0
629 1264000 0
630 1266000 0
631 1268000 0
632 1270000 0
633 1272000 0
634 1274000 0
635 1276000 0
636 1278000 0
637 1280000 0
638 1282000 0
639 1284000 0
640 1286000 0
641 1288000 0
642 1290000 0
643 1292000 0
644 1294000 0
645 1296000 0
646 1298000 0
647 1300000 0
648 1302000 0
649 1304000 0
650 1306000 0
651 1308000 0
652 1310000 0
653 1312000 0
654 1314000 0
655 1316000 0
656 1318000 0
657 1320000 0
658 1322000 0
659 1324000 0
660 1326000 0
661 1328000 0
662 1330000 0
663 1332000 0
664 1334000 0
665 1336000 0
666 1338000 0
667 1340000 0
668 1342000 0
669 1344000 0
670 1346000 0
671 1348000 0
672 1350000 0
673 1352000 0
674 1354000 0
675 1356000 0
676 1358000 0
677 1360000 0
678 1362000 0
679 1364000 0
680 1366000 0
681 1368000 0
682 1370000 0
683 1372000 0
684 1374000 0
685 1376000 0
686 1378000 0
687 1380000 0
688 1382000 0
689 1384000 0
690 1386000 0
691 1388000 0
692 1390000 0
693 1392000 0
694 1394000 0
695 1396000 0
696 1398000 0
697 1400000 0
698 1402000 0
699 1404000 0
700 1406000 0
701 1408000 0
702 1410000 0
703 1412000 0
704 1414000 0
705 1416000 0
706 1418000 0
707 1420000 0
708 1422000 0
709 1424000 0
710 1426000 0
711 1428000 0
712 1430000 0
713 1432000 0
714 1434000 0
715 1436000 0
716 1438000 0
717 1440000 0
718 1442000 0
719 1444000 0
720 1446000 0
721 1448000 0
722 1450000 0
723 1452000 0
724 1454000 0
725 1456000 0
726 1458000 0
727 1460000 0
728 1462000 0
729 1464000 0
730 1466000 0
731 1468000 0
732 1470000 0
733 1472000 0
734 1474000 0
735 1476000 0
736 1478000 0
737 1480000 0
738 1482000 0
739 1484000 0
740 1486000 0
741 1488000 0
742 1490000 0
743 1492000 0
744 1494000 0
745 1496000 0
746 1498000 0
747 1500000 0
748 1502000 0
749 1504000 0
750 1506000 0
751 1508000 0
752 1510000 0
753 1512000 0
754 1514000 0
755 1516000 0
756 1518000 0
757 1520000 0
758 1522000 0
759 1524000 0
760 1526000 0
761 1528000 0
762 1530000 0
763 1532000 0
764 1534000 0
765 1536000 0
766 1538000 0
767 1540000 0
768 1542000 0
769 1544000 0
770 1546000 0
771 1548000 0
772 1550000 0
773 1552000 0
774 1554000 0
775 1556000 0
776 1558000 0
777 1560000 0
778 1562000 0
779 1564000 0
780 1566000 0
781 1568000 0
782 1570000 0
783 1572000 0
784 1574000 0
785 1576000 0
786 1578000 0
787 1580000 0
788 1582000 0
789 1584000 0
790 1586000 0
791 1588000 0
792 1590000 0
793 1592000 0
794 1594000 0
795 1596000 0
796 1598000 0
797 1600000 0
798 1602000 0
799 1604000 0
800 1606000 0
801 1608000 0
802 1610000 0
803 1612000 0
804 1614000 0
805 1616000 0
806 1618000 0
807 1620000 0
808 1622000 0
809 1624000 0
810 1626000 0
811 1628000 0
812 1630000 0
813 1632000 0
814 1634000 0
815 1636000 0
816 1638000 0
817 1640000 0
818 1642000 0
819 1644000 0
820 1646000 0
821 1648000 0
822 1650000 0
823 1652000 0
824 1654000 0
825 1656000 0
826 1658000 0
827 1660000 0
828 1662000 0
829 1664000 0
830 1666000 0
831 1668000 0
832 1670000 0
833 1672000 0
834 1674000 0
835 1676000 0
836 1678000 0
837 1680000 0
838 1682000 0
839 1684000 0
840 1686000 0
841 1688000 0
842 1690000 0
843 1692000 0
844 1694000 0
845 1696000 0
846 1698000 0
847 1700000 0
848 1702000 0
849 1704000 0
850 1706000 0
851 1708000 0
852 1710000 0
853 1712000 0
854 1714000 0
855 1716000 0
856 1718000 0
857 1720000 0
858 1722000 0
859 1724000 0
860 1726000 0
861 1728000 0
862 1730000 0
863 1732000 0
864 1734000 0
865 1736000 0
866 1738000 0
867 1740000 0
868 1742000 0
869 1744000 0
870 1746000 0
871 1748000 0
872 1750000 0
873 1752000 0
874 1754000 0
875 1756000 0
876 1758000 0
877 1760000 0
878 1762000 0
879 1764000 0
880 1766000 0
881 1768000 0
882 1770000 0
883 1772000 0
884 1774000 0
885 1776000 0
886 1778000 0
887 1780000 0
888 1782000 0
889 1784000 0
890 1786000 0
891 1788000 0
892 1790000 0
893 1792000 0
894 1794000 0
895 1796000 0
896 1798000 0
897 1800000 0
898 1802000 0
899 1804000 0
900 1806000 0
901 1808000 0
902 1810000 0
903 1812000 0
904 1814000 0
905 1816000 0
906 1818000 0
907 1820000 0
908 1822000 0
909 1824000 0
910 1826000 0
911 1828000 0
912 1830000 0
913 1832000 0
914 1834000 0
915 1836000 0
916 1838000 0
917 1840000 0
918 1842000 0
919 1844000 0
920 1846000 0
921 1848000 0
922 1850000 0
923 1852000 0
924 1854000 0
925 1856000 0
926 1858000 0
927 1860000 0
928 1862000 0
929 1864000 0
930 1866000 0
931 1868000 0
932 1870000 0
933 1872000 0
934 1874000 0
935 1876000 0
936 1878000 0
937 1880000 0
938 1882000 0
939 1884000 0
940 1886000 0
941 1888000 0
942 1890000 0
943 1892000 0
944 1894000 0
945 1896000 0
946 1898000 0
947 1900000 0
948 1902000 0
949 1904000 0
950 1906000 0
951 1908000 0
952 1910000 0
953 1912000 0
954 1914000 0
955 1916000 0
956 1918000 0
957 1920000 0
958 1922000 0
959 1924000 0
960 1926000 0
961 1928000 0
962 1930000 0
963 1932000 0
964 1934000 0
965 1936000 0
966 1938000 0
967 1940000 0
968 1942000 0
969 1944000 0
970 1946000 0
971 1948000 0
972 1950000 0
973 1952000 0
974 1954000 0
975 1956000 0
976 1958000 0
977 1960000 0
978 1962000 0
979 1964000 0
980 1966000 0
981 1968000 0
982 1970000 0
983 1972000 0
984 1974000 0
985 1976000 0
986 1978000 0
987 1980000 0
988 1982000 0
989 1984000 0
990 1986000 0
991 1988000 0
992 1990000 0
993 1992000 0
994 1994000 0
995 1996000 0
996 1998000 0
997 2000000 0
998 2002000 0
999 2004000 0
1000 2006000 0
1001 2008000 0
1002 2010000 0
1003 2012000 0
1004 2014000 0
1005 2016000 0
1006 2018000 0
1007 2020000 0
1008 2022000 0
1009 2024000 0
1010 2026000 0
1011 2028000 0
1012 2030000 0
1013 2032000 0
1014 2034000 0
1015 2036000 0
1016 2038000 0
1017 2040000 0
1018 2042000 0
1019 2044000 0
1020 2046000 0
1021 2048000 0
1022 2050000 0
1023 2052000 0
1024 2054000 0
1025 2056000 0
1026 2058000 0
1027 2060000 0
1028 2062000 0
1029 2064000 0
1030 2066000 0
1031 2068000 0
1032 2070000 0
1033 2072000 0
1034 2074000 0
1035 2076000 0
1036 2078000 0
1037 2080000 0
1038 2082000 0
1039 2084000 0
1040 2086000 0
1041 2088000 0
1042 2090000 0
1043 2092000 0
1044 2094000 0
1045 2096000 0
1046 2098000 0
1047 2100000 0
1048 2102000 0
1049 2104000 0
1050 2106000 0
1051 2108000 0
1052 2110000 0
1053 2112000 0
1054 2114000 0
1055 2116000 0
1056 2118000 0
1057 2120000 0
1058 2122000 0
1059 2124000 0
1060 2126000 0
1061 2128000 0
1062 2130000 0
1063 2132000 0
1064 2134000 0
1065 2136000 0
1066 2138000 0
1067 2140000 0
1068 2142000 0
1069 2144000 0
1070 2146000 0
1071 2148000 0
1072 2150000 0
1073 2152000 0
1074 2154000 0
1075 2156000 0
1076 2158000 0
1077 2160000 0
1078 2162000 0
1079 2164000 0
1080 2166000 0
1081 2168000 0
1082 2170000 0
1083 2172000 0
1084 2174000 0
1085 2176000 0
1086 2178000 0
1087 2180000 0
1088 2182000 0
1089 2184000 0
1090 2186000 0
1091 2188000 0
1092 2190000 0
1093 2192000 0
1094 2194000 0
1095 2196000 0
1096 2198000 0
1097 2200000 0
1098 2202000 0
1099 2204000 0
1100 2206000 0
1101 2208000 0
1102 2210000 0
1103 2212000 0
1104 2214000 0
1105 2216000 0
1106 2218000 0
1107 2220000 0
1108 2222000 0
1109 2224000 0
1110 2226000 0
1111 2228000 0
1112 2230000 0
1113 2232000 0
1114 2234000 0
1115 2236000 0
1116 2238000 0
1117 2240000 0
1118 2242000 0
1119 2244000 0
1120 2246000 0
1121 2248000 0
1122 2250000 0
1123 2252000 0
1124 2254000 0
1125 2256000 0
1126 2258000 0
1127 2260000 0
1128 2262000 0
1129 2264000 0
1130 2266000 0
1131 2268000 0
1132 2270000 0
1133 2272000 0
1134 2274000 0
1135 2276000 0
1136 2278000 0
1137 2280000 0
1138 2282000 0
1139 2284000 0
1140 2286000 0
1141 2288000 0
1142 2290000 0
1143 2292000 0
1144 2294000 0
1145 2296000 0
1146 2298000 0
1147 2300000 0
1148 2302000 0
1149 2304000 0
1150 2306000 0
1151 2308000 0
1152 2310000 0
1153 2312000 0
1154 2314000 0
1155 2316000 0
1156 2318000 0
1157 2320000 0
1158 2322000 0
1159 2324000 0
1160 2326000 0
1161 2328000 0
1162 2330000 0
1163 2332000 0
1164 2334000 0
1165 2336000 0
1166 2338000 0
1167 2340000 0
1168 2342000 0
1169 2344000 0
1170 2346000 0
1171 2348000 0
1172 2350000 0
1173 2352000 0
1174 2354000 0
1175 2356000 0
1176 2358000 0
1177 2360000 0
1178 2362000 0
1179 2364000 0
1180 2366000 0
1181 2368000 0
1182 2370000 0
1183 2372000 0
1184 2374000 0
1185 2376000 0
1186 2378000 0
1187 2380000 0
1188 2382000 0
1189 2384000 0
1190 2386000 0
1191 2388000 0
1192 2390000 0
1193 2392000 0
1194 2394000 0
1195 2396000 0
1196 2398000 0
1197 2400000 0
1198 2402000 0
1199 2404000 0
1200 2406000 0
1201 2408000 0
1202 2410000 0
1203 2412000 0
1204 2414000 0
1205 2416000 0
1206 2418000 0
1207 2420000 0
1208 2422000 0
1209 2424000 0
1210 2426000 0
1211 2428000 0
1212 2430000 0
1213 2432000 0
1214 2434000 0
1215 2436000 0
1216 2438000 0
1217 2440000 0
1218 2442000 0
1219 2444000 0
1220 2446000 0
1221 2448000 0
1222 2450000 0
1223 2452000 0
1224 2454000 0
1225 2456000 0
1226 2458000 0
1227 2460000 0
1228 2462000 0
1229 2464000 0
1230 2466000 0
1231 2468000 0
1232 2470000 0
1233 2472000 0
1234 2474000 0
1235 2476000 0
1236 2478000 0
1237 2480000 0
1238 2482000 0
1239 2484000 0
1240 2486000 0
1241 2488000 0
1242 2490000 0
1243 2492000 0
1244 2494000 0
1245 2496000 0
1246 2498000 0
1247 2500000 0
1248 2502000 0
1249 2504000 0
1250 2506000 0
1251 2508000 0
1252 2510000 0
1253 2512000 0
1254 2514000 0
1255 2516000 0
1256 2518000 0
1257 2520000 0
1258 2522000 0
1259 2524000 0
1260 2526000 0
1261 2528000 0
1262 2530000 0
1263 2532000 0
1264 2534000 0
1265 2536000 0
1266 2538000 0
1267 2540000 0
1268 2542000 0
1269 2544000 0
1270 2546000 0
1271 2548000 0
1272 2550000 0
1273 2552000 0
1274 2554000 0
1275 2556000 0
1276 2558000 0
1277 2560000 0
1278 2562000 0
1279 2564000 0
1280 2566000 0
1281 2568000 0
1282 2570000 0
1283 2572000 0
1284 2574000 0
1285 2576000 0
1286 2578000 0
1287 2580000 0
1288 2582000 0
1289 2584000 0
1290 2586000 0
1291 2588000 0
1292 2590000 0
1293 2592000 0
1294 2594000 0
1295 2596000 0
1296 2598000 0
1297 2600000 0
1298 2602000 0
1299 2604000 0
1300 2606000 0
1301 2608000 0
1302 2610000 0
1303 2612000 0
1304 2614000 0
1305 2616000 0
1306 2618000 0
1307 2620000 0
1308 2622000 0
1309 2624000 0
1310 2626000 0
1311 2628000 0
1312 2630000 0
1313 2632000 0
1314 2634000 0
1315 2636000 0
1316 2638000 0
1317 2640000 0
1318 2642000 0
1319 2644000 0
1320 2646000 0
1321 2648000 0
1322 2650000 0
1323 2652000 0
1324 2654000 0
1325 2656000 0
1326 2658000 0
1327 2660000 0
1328 2662000 0
1329 2664000 0
1330 2666000 0
1331 2668000 0
1332 2670000 0
1333 2672000 0
1334 2674000 0
1335 2676000 0
1336 2678000 0
1337 2680000 0
1338 2682000 0
1339 2684000 0
1340 2686000 0
1341 2688000 0
1342 2690000 0
1343 2692000 0
1344 2694000 0
1345 2696000 0
1346 2698000 0
1347 2700000 0
1348 2702000 0
1349 2704000 0
1350 2706000 0
1351 2708000 0
1352 2710000 0
1353 2712000 0
1354 2714000 0
1355 2716000 0
1356 2718000 0
1357 2720000 0
1358 2722000 0
1359 2724000 0
1360 2726000 0
1361 2728000 0
1362 2730000 0
1363 2732000 0
1364 2734000 0
1365 2736000 0
1366 2738000 0
1367 2740000 0
1368 2742000 0
1369 2744000 0
1370 2746000 0
1371 2748000 0
1372 2750000 0
1373 2752000 0
1374 2754000 0
1375 2756000 0
1376 2758000 0
1377 2760000 0
1378 2762000 0
1379 2764000 0
1380 2766000 0
1381 2768000 0
1382 2770000 0
1383 2772000 0
1384 2774000 0
1385 2776000 0
1386 2778000 0
1387 2780000 0
1388 2782000 0
1389 2784000 0
1390 2786000 0
1391 2788000 0
1392 2790000 0
1393 2792000 0
1394 2794000 0
1395 2796000 0
1396 2798000 0
1397 2800000 0
1398 2802000 0
1399 2804000 0
1400 2806000 0
1401 2808000 0
1402 2810000 0
1403 2812000 0
1404 2814000 0
1405 2816000 0
1406 2818000 0
1407 2820000 0
1408 2822000 0
1409 2824000 0
1410 2826000 0
1411 2828000 0
1412 2830000 0
1413 2832000 0
1414 2834000 0
1415 2836000 0
1416 2838000 0
1417 2840000 0
1418 2842000 0
1419 2844000 0
1420 2846000 0
1421 2848000 0
1422 2850000 0
1423 2852000 0
1424 2854000 0
1425 2856000 0
1426 2858000 0
1427 2860000 0
1428 2862000 0
1429 2864000 0
1430 2866000 0
1431 2868000 0
1432 2870000 0
1433 2872000 0
1434 2874000 0
1435 2876000 0
1436 2878000 0
1437 2880000 0
1438 2882000 0
1439 2884000 0
1440 2886000 0
1441 2888000 0
1442 2890000 0
1443 2892000 0
1444 2894000 0
1445 2896000 0
1446 2898000 0
1447 2900000 0
1448 2902000 0
1449 2904000 0
1450 2906000 0
1451 2908000 0
1452 2910000 0
1453 2912000 0
1454 2914000 0
1455 2916000 0
1456 2918000 0
1457 2920000 0
1458 2922000 0
1459 2924000 0
1460 2926000 0
1461 2928000 0
1462 2930000 0
1463 2932000 0
1464 2934000 0
1465 2936000 0
1466 2938000 0
1467 2940000 0
1468 2942000 0
1469 2944000 0
1470 2946000 0
1471 2948000 0
1472 2950000 0
1473 2952000 0
1474 2954000 0
1475 2956000 0
1476 2958000 0
1477 2960000 0
1478 2962000 0
1479 2964000 0
1480 2966000 0
1481 2968000 0
1482 2970000 0
1483 2972000 0
1484 2974000 0
1485 2976000 0
1486 2978000 0
1487 2980000 0
1488 2982000 0
1489 2984000 0
1490 2986000 0
1491 2988000 0
1492 2990000 0
1493 2992000 0
1494 2994000 0
1495 2996000 0
1496 2998000 0
1497 3000000 0
1498 3002000 0
1499 3004000 0
1500 3006000 0
1501 3008000 0
1502 3010000 0
1503 3012000 0
1504 3014000 0
1505 3016000 0
1506 3018000 0
1507 3020000 0
1508 3022000 0
1509 3024000 0
1510 3026000 0
1511 3028000 0
1512 3030000 0
1513 3032000 0
1514 3034000 0
1515 3036000 0
1516 3038000 0
1517 3040000 0
1518 3042000 0
1519 3044000 0
1520 3046000 0
1521 3048000 0
1522 3050000 0
1523 3052000 0
1524 3054000 0
1525 3056000 0
1526 3058000 0
1527 3060000 0
1528 3062000 0
1529 3064000 0
1530 3066000 0
1531 3068000 0
1532 3070000 0
1533 3072000 0
1534 3074000 0
1535 3076000 0
1536 3078000 0
1537 3080000 0
1538 3082000 0
1539 3084000 0
1540 3086000 0
1541 3088000 0
1542 3090000 0
1543 3092000 0
1544 3094000 0
1545 3096000 0
1546 3098000 0
1547 3100000 0
1548 3102000 0
1549 3104000 0
1550 3106000 0
1551 3108000 0
1552 3110000 0
1553 3112000 0
1554 3114000 0
1555 3116000 0
1556 3118000 0
1557 3120000 0
1558 3122000 0
1559 3124000 0
1560 3126000 0
1561 3128000 0
1562 3130000 0
1563 3132000 0
1564 3134000 0
1565 3136000 0
1566 3138000 0
1567 3140000 0
1568 3142000 0
1569 3144000 0
1570 3146000 0
1571 3148000 0
1572 3150000 0
1573 3152000 0
1574 3154000 0
1575 3156000 0
1576 3158000 0
1577 3160000 0
1578 3162000 0
1579 3164000 0
1580 3166000 0
1581 3168000 0
1582 3170000 0
1583 3172000 0
1584 3174000 0
1585 3176000 0
1586 3178000 0
1587 3180000 0
1588 3182000 0
1589 3184000 0
1590 3186000 0
1591 3188000 0
1592 3190000 0
1593 3192000 0
1594 3194000 0
1595 3196000 0
1596 3198000 0
1597 3200000 0
1598 3202000 0
1599 3204000 0
1600 3206000 0
1601 3208000 0
1602 3210000 0
1603 3212000 0
1604 3214000 0
1605 3216000 0
1606 3218000 0
1607 3220000 0
1608 3222000 0
1609 3224000 0
1610 3226000 0
1611 3228000 0
1612 3230000 0
1613 3232000 0
1614 3234000 0
1615 3236000 0
1616 3238000 0
1617 3240000 0
1618 3242000 0
1619 3244000 0
1620 3246000 0
1621 3248000 0
1622 3250000 0
1623 3252000 0
1624 3254000 0
1625 3256000 0
1626 3258000 0
1627 3260000 0
1628 3262000 0
1629 3264000 0
1630 3266000 0
1631 3268000 0
1632 3270000 0
1633 3272000 0
1634 3274000 0
1635 3276000 0
1636 3278000 0
1637 3280000 0
1638 3282000 0
1639 3284000 0
1640 3286000 0
1641 3288000 0
1642 3290000 0
1643 3292000 0
1644 3294000 0
1645 3296000 0
1646 3298000 0
1647 3300000 0
1648 3302000 0
1649 3304000 0
1650 3306000 0
1651 3308000 0
1652 3310000 0
1653 3312000 0
1654 3314000 0
1655 3316000 0
1656 3318000 0
1657 3320000 0
1658 3322000 0
1659 3324000 0
1660 3326000 0
1661 3328000 0
1662 3330000 0
1663 3332000 0
1664 3334000 0
1665 3336000 0
1666 3338000 0
1667 3340000 0
1668 3342000 0
1669 3344000 0
1670 3346000 0
1671 3348000 0
1672 3350000 0
1673 3352000 0
1674 3354000 0
1675 3356000 0
1676 3358000 0
1677 3360000 0
1678 3362000 0
1679 3364000 0
1680 3366000 0
1681 3368000 0
1682 3370000 0
1683 3372000 0
1684 3374000 0
1685 3376000 0
1686 3378000 0
1687 3380000 0
1688 3382000 0
1689 3384000 0
1690 3386000 0
1691 3388000 0
1692 3390000 0
1693 3392000 0
1694 3394000 0
1695 3396000 0
1696 3398000 0
1697 3400000 0
1698 3402000 0
1699 3404000 0
1700 3406000 0
1701 3408000 0
1702 3410000 0
1703 3412000 0
1704 3414000 0
1705 3416000 0
1706 3418000 0
1707 3420000 0
1708 3422000 0
1709 3424000 0
1710 3426000 0
1711 3428000 0
1712 3430000 0
1713 3432000 0
1714 3434000 0
1715 3436000 0
1716 3438000 0
1717 3440000 0
1718 3442000 0
1719 3444000 0
1720 3446000 0
1721 3448000 0
1722 3450000 0
1723 3452000 0
1724 3454000 0
1725 3456000 0
1726 3458000 0
1727 3460000 0
1728 3462000 0
1729 3464000 0
1730 3466000 0
1731 3468000 0
1732 3470000 0
1733 3472000 0
1734 3474000 0
1735 3476000 0
1736 3478000 0
1737 3480000 0
1738 3482000 0
1739 3484000 0
1740 3486000 0
1741 3488000 0
1742 3490000 0
1743 3492000 0
1744 3494000 0
1745 3496000 0
1746 3498000 0
1747 3500000 0
1748 3502000 0
1749 3504000 0
1750 3506000 0
1751 3508000 0
1752 3510000 0
1753 3512000 0
1754 3514000 0
1755 3516000 0
1756 3518000 0
1757 3520000 0
1758 3522000 0
1759 3524000 0
1760 3526000 0
1761 3528000 0
1762 3530000 0
1763 3532000 0
1764 3534000 0
1765 3536000 0
1766 3538000 0
1767 3540000 0
1768 3542000 0
1769 3544000 0
1770 3546000 0
1771 3548000 0
1772 3550000 0
1773 3552000 0
1774 3554000 0
1775 3556000 0
1776 3558000 0
1777 3560000 0
1778 3562000 0
1779 3564000 0
1780 3566000 0
1781 3568000 0
1782 3570000 0
1783 3572000 0
1784 3574000 0
1785 3576000 0
1786 3578000 0
1787 3580000 0
1788 3582000 0
1789 3584000 0
1790 3586000 0
1791 3588000 0
1792 3590000 0
1793 3592000 0
1794 3594000 0
1795 3596000 0
1796 3598000 0
1797 3600000 0
1798 3602000 0
1799 3604000 0
1800 3606000 0
1801 3608000 0
1802 3610000 0
1803 3612000 0
1804 3614000 0
1805 3616000 0
1806 3618000 0
1807 3620000 0
1808 3622000 0
1809 3624000 0
1810 3626000 0
1811 3628000 0
1812 3630000 0
1813 3632000 0
1814 3634000 0
1815 3636000 0
1816 3638000 0
1817 3640000 0
1818 3642000 0
1819 3644000 0
1820 3646000 0
1821 3648000 0
1822 3650000 0
1823 3652000 0
1824 3654000 0
1825 3656000 0
1826 3658000 0
1827 3660000 0
1828 3662000 0
1829 3664000 0
1830 3666000 0
1831 3668000 0
1832 3670000 0
1833 3672000 0
1834 3674000 0
1835 3676000 0
1836 3678000 0
1837 3680000 0
1838 3682000 0
1839 3684000 0
1840 3686000 0
1841 3688000 0
1842 3690000 0
1843 3692000 0
1844 3694000 0
1845 3696000 0
1846 3698000 0
1847 3700000 0
1848 3702000 0
1849 3704000 0
1850 3706000 0
1851 3708000 0
1852 3710000 0
1853 3712000 0
1854 3714000 0
1855 3716000 0
1856 3718000 0
1857 3720000 0
1858 3722000 0
1859 3724000 0
1860 3726000 0
1861 3728000 0
1862 3730000 0
1863 3732000 0
1864 3734000 0
1865 3736000 0
1866 3738000 0
1867 3740000 0
1868 3742000 0
1869 3744000 0
1870 3746000 0
1871 3748000 0
1872 3750000 0
1873 3752000 0
1874 3754000 0
1875 3756000 0
1876 3758000 0
1877 3760000 0
1878 3762000 0
1879 3764000 0
1880 3766000 0
1881 3768000 0
1882 3770000 0
1883 3772000 0
1884 3774000 0
1885 3776000 0
1886 3778000 0
1887 3780000 0
1888 3782000 0
1889 3784000 0
1890 3786000 0
1891 3788000 0
1892 3790000 0
1893 3792000 0
1894 3794000 0
1895 3796000 0
1896 3798000 0
1897 3800000 0
1898 3802000 0
1899 3804000 0
1900 3806000 0
1901 3808000 0
1902 3810000 0
1903 3812000 0
1904 3814000 0
1905 3816000 0
1906 3818000 0
1907 3820000 0
1908 3822000 0
1909 3824000 0
1910 3826000 0
1911 3828000 0
1912 3830000 0
1913 3832000 0
1914 3834000 0
1915 3836000 0
1916 3838000 0
1917 3840000 0
1918 3842000 0
1919 3844000 0
1920 3846000 0
1921 3848000 0
1922 3850000 0
1923 3852000 0
1924 3854000 0
1925 3856000 0
1926 3858000 0
1927 3860000 0
1928 3862000 0
1929 3864000 0
1930 3866000 0
1931 3868000 0
1932 3870000 0
1933 3872000 0
1934 3874000 0
1935 3876000 0
1936 3878000 0
1937 3880000 0
1938 3882000 0
1939 3884000 0
1940 3886000 0
1941 3888000 0
1942 3890000 0
1943 3892000 0
1944 3894000 0
1945 3896000 0
1946 3898000 0
1947 3900000 0
1948 3902000 0
1949 3904000 0
1950 3906000 0
1951 3908000 0
1952 3910000 0
1953 3912000 0
1954 3914000 0
1955 3916000 0
1956 3918000 0
1957 3920000 0
1958 3922000 0
1959 3924000 0
1960 3926000 0
1961 3928000 0
1962 3930000 0
1963 3932000 0
1964 3934000 0
1965 3936000 0
1966 3938000 0
1967 3940000 0
1968 3942000 0
1969 3944000 0
1970 3946000 0
1971 3948000 0
1972 3950000 0
1973 3952000 0
1974 3954000 0
1975 3956000 0
1976 3958000 0
1977 3960000 0
1978 3962000 0
1979 3964000 0
1980 3966000 0
1981 3968000 0
1982 3970000 0
1983 3972000 0
1984 3974000 0
1985 3976000 0
1986 3978000 0
1987 3980000 0
1988 3982000 0
1989 3984000 0
1990 3986000 0
1991 3988000 0
1992 3990000 0
1993 3992000 0
1994 3994000 0
1995 3996000 0
1996 3998000 0
1997 4000000 0
1998 4002000 0
1999 4004000 0
