0 1500 -0.0105407
1 2000 -0.00713011
2 2500 -0.000354928
3 3000 -0.000354928
4 3500 -0.000354928
5 4000 -0.000354928
6 4500 -0.000354928
7 5000 -0.000116978
8 5500 -0.000116978
9 6000 -0.000116978
10 6500 -7.13547e-05
11 7000 -7.13547e-05
12 7500 -7.13547e-05
13 8000 -7.13547e-05
14 8500 -7.13547e-05
15 9000 -7.13547e-05
16 9500 -7.13547e-05
17 10000 -7.13547e-05
18 10500 -7.13547e-05
19 11000 -7.13547e-05
20 11500 -7.13547e-05
21 12000 -7.13547e-05
22 12500 -7.13547e-05
23 13000 -7.13547e-05
24 13500 -7.13547e-05
25 14000 -7.13547e-05
26 14500 -7.13547e-05
27 15000 -7.13547e-05
28 15500 -7.13547e-05
29 16000 -7.13547e-05
30 16500 -7.13547e-05
31 17000 -7.13547e-05
32 17500 -7.13547e-05
33 18000 -7.13547e-05
34 18500 -7.13547e-05
35 19000 -7.13547e-05
36 19500 -7.13547e-05
37 20000 -7.13547e-05
38 20500 -6.50964e-05
39 21000 -6.50964e-05
40 21500 -6.50964e-05
41 22000 -6.50964e-05
42 22500 -6.50964e-05
43 23000 -6.50964e-05
44 23500 -6.50964e-05
45 24000 -6.50964e-05
46 24500 -6.50964e-05
47 25000 -6.50964e-05
48 25500 -6.50964e-05
49 26000 -6.50964e-05
50 26500 -6.50964e-05
51 27000 -6.50964e-05
52 27500 -6.50964e-05
53 28000 -6.50964e-05
54 28500 -6.50964e-05
55 29000 -6.50964e-05
56 29500 -6.50964e-05
57 30000 -6.50964e-05
58 30500 -6.50964e-05
59 31000 -6.50964e-05
60 31500 -6.50964e-05
61 32000 -6.50964e-05
62 32500 -6.50964e-05
63 33000 -6.50964e-05
64 33500 -6.50964e-05
65 34000 -6.50964e-05
66 34500 -6.50964e-05
67 35000 -6.50964e-05
68 35500 -6.50964e-05
69 36000 -6.50964e-05
70 36500 -6.50964e-05
71 37000 -6.50964e-05
72 37500 -6.50964e-05
73 38000 -6.50964e-05
74 38500 -6.50964e-05
75 39000 -6.50964e-05
76 39500 -6.50964e-05
77 40000 -6.50964e-05
78 40500 -6.50964e-05
79 41000 -6.50964e-05
80 41500 -6.50964e-05
81 42000 -6.50964e-05
82 42500 -6.50964e-05
83 43000 -6.50964e-05
84 43500 -6.50964e-05
85 44000 -6.50964e-05
86 44500 -6.50964e-05
87 45000 -6.50964e-05
88 45500 -6.50964e-05
89 46000 -6.50964e-05
90 46500 -6.50964e-05
91 47000 -6.50964e-05
92 47500 -6.50964e-05
93 48000 -6.50964e-05
94 48500 -6.50964e-05
95 49000 -6.50964e-05
96 49500 -6.50964e-05
97 50000 -6.50964e-05
98 50500 -6.50964e-05
99 51000 -6.50964e-05
100 51500 -6.50964e-05
101 52000 -6.50964e-05
102 52500 -6.50964e-05
103 53000 -6.50964e-05
104 53500 -6.50964e-05
105 54000 -6.50964e-05
106 54500 -6.50964e-05
107 55000 -6.50964e-05
108 55500 -6.50964e-05
109 56000 -6.50964e-05
110 56500 -6.50964e-05
111 57000 -6.50964e-05
112 57500 -6.50964e-05
113 58000 -6.50964e-05
114 58500 -6.50964e-05
115 59000 -6.50964e-05
116 59500 -6.50964e-05
117 60000 -6.50964e-05
118 60500 -6.50964e-05
119 61000 -6.50964e-05
120 61500 -6.50964e-05
121 62000 -6.50964e-05
122 62500 -6.50964e-05
123 63000 -6.50964e-05
124 63500 -6.50964e-05
125 64000 -4.31777e-05
126 64500 -4.31777e-05
127 65000 -4.31777e-05
128 65500 -4.31777e-05
129 66000 -4.31777e-05
130 66500 -4.31777e-05
131 67000 -2.79656e-06
132 67500 -2.79656e-06
133 68000 -2.79656e-06
134 68500 -2.79656e-06
135 69000 -2.79656e-06
136 69500 -2.79656e-06
137 70000 -2.79656e-06
138 70500 -2.79656e-06
139 71000 -2.79656e-06
140 71500 -2.79656e-06
141 72000 -2.79656e-06
142 72500 -2.79656e-06
143 73000 -2.79656e-06
144 73500 -2.79656e-06
145 74000 -2.79656e-06
146 74500 -2.79656e-06
147 75000 -2.79656e-06
148 75500 -2.79656e-06
149 76000 -2.79656e-06
150 76500 -2.79656e-06
151 77000 -2.79656e-06
152 77500 -2.79656e-06
153 78000 -2.79656e-06
154 78500 -2.79656e-06
155 79000 -2.79656e-06
156 79500 -2.79656e-06
157 80000 -2.79656e-06
158 80500 -2.79656e-06
159 81000 -2.79656e-06
160 81500 -2.79656e-06
161 82000 -2.79656e-06
162 82500 -2.79656e-06
163 83000 -2.79656e-06
164 83500 -2.79656e-06
165 84000 -2.79656e-06
166 84500 -2.79656e-06
167 85000 -2.79656e-06
168 85500 -2.79656e-06
169 86000 -2.79656e-06
170 86500 -2.79656e-06
171 87000 -2.79656e-06
172 87500 -2.79656e-06
173 88000 -2.79656e-06
174 88500 -2.79656e-06
175 89000 -2.79656e-06
176 89500 -2.79656e-06
177 90000 -2.79656e-06
178 90500 -2.79656e-06
179 91000 -2.79656e-06
180 91500 -2.79656e-06
181 92000 -2.79656e-06
182 92500 -2.79656e-06
183 93000 -2.79656e-06
184 93500 -2.79656e-06
185 94000 -2.79656e-06
186 94500 -2.79656e-06
187 95000 -2.79656e-06
188 95500 -2.79656e-06
189 96000 -2.79656e-06
190 96500 -2.79656e-06
191 97000 -2.79656e-06
192 97500 -2.79656e-06
193 98000 -2.79656e-06
194 98500 -2.79656e-06
195 99000 -2.79656e-06
196 99500 -2.79656e-06
197 100000 -2.79656e-06
198 100500 -2.79656e-06
199 101000 -2.79656e-06
200 101500 -2.79656e-06
201 102000 -2.79656e-06
202 102500 -2.79656e-06
203 103000 -2.79656e-06
204 103500 -2.79656e-06
205 104000 -2.79656e-06
206 104500 -2.79656e-06
207 105000 -2.79656e-06
208 105500 -2.79656e-06
209 106000 -2.79656e-06
210 106500 -2.79656e-06
211 107000 -2.79656e-06
212 107500 -2.79656e-06
213 108000 -2.79656e-06
214 108500 -2.79656e-06
215 109000 -2.79656e-06
216 109500 -2.79656e-06
217 110000 -2.79656e-06
218 110500 -2.79656e-06
219 111000 -2.79656e-06
220 111500 -2.79656e-06
221 112000 -2.79656e-06
222 112500 -2.79656e-06
223 113000 -2.79656e-06
224 113500 -2.79656e-06
225 114000 -2.79656e-06
226 114500 -2.79656e-06
227 115000 -2.79656e-06
228 115500 -2.79656e-06
229 116000 -2.79656e-06
230 116500 -2.79656e-06
231 117000 -2.79656e-06
232 117500 -2.79656e-06
233 118000 -2.79656e-06
234 118500 -2.79656e-06
235 119000 -2.79656e-06
236 119500 -2.79656e-06
237 120000 -2.79656e-06
238 120500 -2.79656e-06
239 121000 -2.79656e-06
240 121500 -2.79656e-06
241 122000 -2.79656e-06
242 122500 -2.79656e-06
243 123000 -2.79656e-06
244 123500 -2.79656e-06
245 124000 -2.79656e-06
246 124500 -2.79656e-06
247 125000 -2.79656e-06
248 125500 -2.79656e-06
249 126000 -2.79656e-06
250 126500 -2.79656e-06
251 127000 -2.79656e-06
252 127500 -2.79656e-06
253 128000 -2.79656e-06
254 128500 -2.79656e-06
255 129000 -2.79656e-06
256 129500 -2.79656e-06
257 130000 -2.79656e-06
258 130500 -2.79656e-06
259 131000 -2.79656e-06
260 131500 -2.79656e-06
261 132000 -2.79656e-06
262 132500 -2.79656e-06
263 133000 -2.79656e-06
264 133500 -2.79656e-06
265 134000 -2.79656e-06
266 134500 -2.79656e-06
267 135000 -2.79656e-06
268 135500 -2.79656e-06
269 136000 -2.79656e-06
270 136500 -2.79656e-06
271 137000 -2.79656e-06
272 137500 -2.79656e-06
273 138000 -2.79656e-06
274 138500 -2.79656e-06
275 139000 -2.79656e-06
276 139500 -2.79656e-06
277 140000 -2.79656e-06
278 140500 -2.79656e-06
279 141000 -2.79656e-06
280 141500 -2.79656e-06
281 142000 -2.79656e-06
282 142500 -2.79656e-06
283 143000 -2.79656e-06
284 143500 -2.79656e-06
285 144000 -2.79656e-06
286 144500 -2.79656e-06
287 145000 -2.79656e-06
288 145500 -2.79656e-06
289 146000 -2.79656e-06
290 146500 -2.79656e-06
291 147000 -2.79656e-06
292 147500 -2.79656e-06
293 148000 -2.79656e-06
294 148500 -2.79656e-06
295 149000 -2.79656e-06
296 149500 -2.79656e-06
297 150000 -2.79656e-06
298 150500 -2.79656e-06
299 151000 -2.79656e-06
300 151500 -2.79656e-06
301 152000 -2.79656e-06
302 152500 -2.79656e-06
303 153000 -2.79656e-06
304 153500 -2.79656e-06
305 154000 -2.79656e-06
306 154500 -2.79656e-06
307 155000 -2.79656e-06
308 155500 -2.79656e-06
309 156000 -2.79656e-06
310 156500 -2.79656e-06
311 157000 -2.79656e-06
312 157500 -2.79656e-06
313 158000 -2.79656e-06
314 158500 -2.79656e-06
315 159000 -2.79656e-06
316 159500 -2.79656e-06
317 160000 -2.79656e-06
318 160500 -2.79656e-06
319 161000 -2.79656e-06
320 161500 -2.79656e-06
321 162000 -2.79656e-06
322 162500 -2.79656e-06
323 163000 -2.79656e-06
324 163500 -2.79656e-06
325 164000 -2.79656e-06
326 164500 -2.79656e-06
327 165000 -2.79656e-06
328 165500 -2.79656e-06
329 166000 -2.79656e-06
330 166500 -2.79656e-06
331 167000 -2.79656e-06
332 167500 -1.18881e-07
333 168000 -1.18881e-07
334 168500 -1.18881e-07
335 169000 -1.18881e-07
336 169500 -1.18881e-07
337 170000 -1.18881e-07
338 170500 -1.18881e-07
339 171000 -1.18881e-07
340 171500 -1.18881e-07
341 172000 -1.18881e-07
342 172500 -1.18881e-07
343 173000 -1.18881e-07
344 173500 -1.18881e-07
345 174000 -1.18881e-07
346 174500 -1.18881e-07
347 175000 -1.18881e-07
348 175500 -1.18881e-07
349 176000 -1.18881e-07
350 176500 -1.18881e-07
351 177000 -1.18881e-07
352 177500 -1.18881e-07
353 178000 -1.18881e-07
354 178500 -1.18881e-07
355 179000 -1.18881e-07
356 179500 -1.18881e-07
357 180000 -1.18881e-07
358 180500 -1.18881e-07
359 181000 -1.18881e-07
360 181500 -1.18881e-07
361 182000 -1.18881e-07
362 182500 -1.18881e-07
363 183000 -1.18881e-07
364 183500 -1.18881e-07
365 184000 -1.18881e-07
366 184500 -1.18881e-07
367 185000 -1.18881e-07
368 185500 -1.18881e-07
369 186000 -1.18881e-07
370 186500 -1.18881e-07
371 187000 -1.18881e-07
372 187500 -1.18881e-07
373 188000 -1.18881e-07
374 188500 -1.18881e-07
375 189000 -1.18881e-07
376 189500 -1.18881e-07
377 190000 -1.18881e-07
378 190500 -1.18881e-07
379 191000 -1.18881e-07
380 191500 -1.18881e-07
381 192000 -1.18881e-07
382 192500 -1.18881e-07
383 193000 -1.18881e-07
384 193500 -1.18881e-07
385 194000 -1.18881e-07
386 194500 -1.18881e-07
387 195000 -1.18881e-07
388 195500 -1.18881e-07
389 196000 -1.18881e-07
390 196500 -1.18881e-07
391 197000 -1.18881e-07
392 197500 -1.18881e-07
393 198000 -1.18881e-07
394 198500 -1.18881e-07
395 199000 -1.18881e-07
396 199500 -1.18881e-07
397 200000 -1.18881e-07
398 200500 -1.18881e-07
399 201000 -1.18881e-07
400 201500 -1.18881e-07
401 202000 -1.18881e-07
402 202500 -1.18881e-07
403 203000 -1.18881e-07
404 203500 -1.18881e-07
405 204000 -1.18881e-07
406 204500 -1.18881e-07
407 205000 -1.18881e-07
408 205500 -1.18881e-07
409 206000 -1.18881e-07
410 206500 -1.18881e-07
411 207000 -1.18881e-07
412 207500 -1.18881e-07
413 208000 -1.18881e-07
414 208500 -1.18881e-07
415 209000 -1.18881e-07
416 209500 -1.18881e-07
417 210000 -1.18881e-07
418 210500 -1.18881e-07
419 211000 -1.18881e-07
420 211500 -1.18881e-07
421 212000 -1.18881e-07
422 212500 -1.18881e-07
423 213000 -1.18881e-07
424 213500 -1.18881e-07
425 214000 -1.18881e-07
426 214500 -1.18881e-07
427 215000 -1.18881e-07
428 215500 -1.18881e-07
429 216000 -1.18881e-07
430 216500 -1.18881e-07
431 217000 -1.18881e-07
432 217500 -1.18881e-07
433 218000 -1.18881e-07
434 218500 -1.18881e-07
435 219000 -1.18881e-07
436 219500 -1.18881e-07
437 220000 -1.18881e-07
438 220500 -1.18881e-07
439 221000 -1.18881e-07
440 221500 -1.18881e-07
441 222000 -1.18881e-07
442 222500 -1.18881e-07
443 223000 -1.18881e-07
444 223500 -1.18881e-07
445 224000 -1.18881e-07
446 224500 -1.18881e-07
447 225000 -1.18881e-07
448 225500 -1.18881e-07
449 226000 -1.18881e-07
450 226500 -1.18881e-07
451 227000 -1.18881e-07
452 227500 -1.18881e-07
453 228000 -1.18881e-07
454 228500 -1.18881e-07
455 229000 -1.18881e-07
456 229500 -1.18881e-07
457 230000 -1.18881e-07
458 230500 -1.18881e-07
459 231000 -1.18881e-07
460 231500 -1.18881e-07
461 232000 -1.18881e-07
462 232500 -1.18881e-07
463 233000 -1.18881e-07
464 233500 -1.18881e-07
465 234000 -1.18881e-07
466 234500 -1.18881e-07
467 235000 -1.18881e-07
468 235500 -1.18881e-07
469 236000 -1.18881e-07
470 236500 -1.18881e-07
471 237000 -1.18881e-07
472 237500 -1.18881e-07
473 238000 -1.18881e-07
474 238500 -1.18881e-07
475 239000 -1.18881e-07
476 239500 -1.18881e-07
477 240000 -1.18881e-07
478 240500 -1.18881e-07
479 241000 -1.18881e-07
480 241500 -1.18881e-07
481 242000 -1.18881e-07
482 242500 -1.18881e-07
483 243000 -1.18881e-07
484 243500 -1.18881e-07
485 244000 -1.18881e-07
486 244500 -1.18881e-07
487 245000 -1.18881e-07
488 245500 -1.18881e-07
489 246000 -1.18881e-07
490 246500 -1.18881e-07
491 247000 -1.18881e-07
492 247500 -1.18881e-07
493 248000 -1.18881e-07
494 248500 -1.18881e-07
495 249000 -1.18881e-07
496 249500 -1.18881e-07
497 250000 -1.18881e-07
498 250500 -1.18881e-07
499 251000 -1.18881e-07
500 251500 -1.18881e-07
501 252000 -1.18881e-07
502 252500 -1.18881e-07
503 253000 -1.18881e-07
504 253500 -1.18881e-07
505 254000 -1.18881e-07
506 254500 -1.18881e-07
507 255000 -1.18881e-07
508 255500 -1.18881e-07
509 256000 -1.18881e-07
510 256500 -1.18881e-07
511 257000 -1.18881e-07
512 257500 -1.18881e-07
513 258000 -1.18881e-07
514 258500 -1.18881e-07
515 259000 -1.18881e-07
516 259500 -1.18881e-07
517 260000 -1.18881e-07
518 260500 -1.18881e-07
519 261000 -1.18881e-07
520 261500 -1.18881e-07
521 262000 -1.18881e-07
522 262500 -1.18881e-07
523 263000 -1.18881e-07
524 263500 -1.18881e-07
525 264000 -1.18881e-07
526 264500 -1.18881e-07
527 265000 -1.18881e-07
528 265500 -1.18881e-07
529 266000 -1.18881e-07
530 266500 -1.18881e-07
531 267000 -1.18881e-07
532 267500 -1.18881e-07
533 268000 -1.18881e-07
534 268500 -1.18881e-07
535 269000 -1.18881e-07
536 269500 -1.18881e-07
537 270000 -1.18881e-07
538 270500 -1.18881e-07
539 271000 -1.18881e-07
540 271500 -1.18881e-07
541 272000 -1.18881e-07
542 272500 -1.18881e-07
543 273000 -1.18881e-07
544 273500 -1.18881e-07
545 274000 -1.18881e-07
546 274500 -1.18881e-07
547 275000 -1.18881e-07
548 275500 -1.18881e-07
549 276000 -1.18881e-07
550 276500 -1.18881e-07
551 277000 -1.18881e-07
552 277500 -1.18881e-07
553 278000 -1.18881e-07
554 278500 -1.18881e-07
555 279000 -1.18881e-07
556 279500 -1.18881e-07
557 280000 -1.18881e-07
558 280500 -1.18881e-07
559 281000 -1.18881e-07
560 281500 -1.18881e-07
561 282000 -1.18881e-07
562 282500 -1.18881e-07
563 283000 -1.18881e-07
564 283500 -1.18881e-07
565 284000 -1.18881e-07
566 284500 -1.18881e-07
567 285000 -1.18881e-07
568 285500 -1.18881e-07
569 286000 -1.18881e-07
570 286500 -1.18881e-07
571 287000 -1.18881e-07
572 287500 -1.18881e-07
573 288000 -1.18881e-07
574 288500 -1.18881e-07
575 289000 -1.18881e-07
576 289500 -1.18881e-07
577 290000 -1.18881e-07
578 290500 -1.18881e-07
579 291000 -1.18881e-07
580 291500 -1.18881e-07
581 292000 -1.18881e-07
582 292500 -1.18881e-07
583 293000 -1.18881e-07
584 293500 -1.18881e-07
585 294000 -1.18881e-07
586 294500 -1.18881e-07
587 295000 -1.18881e-07
588 295500 -1.18881e-07
589 296000 -1.18881e-07
590 296500 -1.18881e-07
591 297000 -1.18881e-07
592 297500 -1.18881e-07
593 298000 -1.18881e-07
594 298500 -1.18881e-07
595 299000 -1.18881e-07
596 299500 -1.18881e-07
597 300000 -1.18881e-07
598 300500 -1.18881e-07
599 301000 -1.18881e-07
600 301500 -1.18881e-07
601 302000 -1.18881e-07
602 302500 -1.18881e-07
603 303000 -1.18881e-07
604 303500 -1.18881e-07
605 304000 -1.18881e-07
606 304500 -1.18881e-07
607 305000 -1.18881e-07
608 305500 -1.18881e-07
609 306000 -1.18881e-07
610 306500 -1.18881e-07
611 307000 -1.18881e-07
612 307500 -1.18881e-07
613 308000 -1.18881e-07
614 308500 -1.18881e-07
615 309000 -1.18881e-07
616 309500 -1.18881e-07
617 310000 -1.18881e-07
618 310500 -1.18881e-07
619 311000 -1.18881e-07
620 311500 -1.18881e-07
621 312000 -1.18881e-07
622 312500 -1.18881e-07
623 313000 -1.18881e-07
624 313500 -1.18881e-07
625 314000 -1.18881e-07
626 314500 -1.18881e-07
627 315000 -1.18881e-07
628 315500 -1.18881e-07
629 316000 -1.18881e-07
630 316500 -1.18881e-07
631 317000 -1.18881e-07
632 317500 -1.18881e-07
633 318000 -1.18881e-07
634 318500 -1.18881e-07
635 319000 -1.18881e-07
636 319500 -1.18881e-07
637 320000 -1.18881e-07
638 320500 -1.18881e-07
639 321000 -1.18881e-07
640 321500 -1.18881e-07
641 322000 -1.18881e-07
642 322500 -1.18881e-07
643 323000 -1.18881e-07
644 323500 -1.18881e-07
645 324000 -1.18881e-07
646 324500 -1.18881e-07
647 325000 -1.18881e-07
648 325500 -1.18881e-07
649 326000 -1.18881e-07
650 326500 -1.18881e-07
651 327000 -1.18881e-07
652 327500 -1.18881e-07
653 328000 -1.18881e-07
654 328500 -1.18881e-07
655 329000 -1.18881e-07
656 329500 -1.18881e-07
657 330000 -1.18881e-07
658 330500 -1.18881e-07
659 331000 -1.18881e-07
660 331500 -1.18881e-07
661 332000 -1.18881e-07
662 332500 -1.18881e-07
663 333000 -1.18881e-07
664 333500 -1.18881e-07
665 334000 -1.18881e-07
666 334500 -1.18881e-07
667 335000 -1.18881e-07
668 335500 -1.18881e-07
669 336000 -1.18881e-07
670 336500 -1.18881e-07
671 337000 -1.18881e-07
672 337500 -1.18881e-07
673 338000 -1.18881e-07
674 338500 -1.18881e-07
675 339000 -1.18881e-07
676 339500 -1.18881e-07
677 340000 -1.18881e-07
678 340500 -1.18881e-07
679 341000 -1.18881e-07
680 341500 -1.18881e-07
681 342000 -1.18881e-07
682 342500 -1.18881e-07
683 343000 -1.18881e-07
684 343500 -1.18881e-07
685 344000 -1.18881e-07
686 344500 -1.18881e-07
687 345000 -1.18881e-07
688 345500 -1.18881e-07
689 346000 -1.18881e-07
690 346500 -1.18881e-07
691 347000 -1.18881e-07
692 347500 -1.18881e-07
693 348000 -1.18881e-07
694 348500 -1.18881e-07
695 349000 -1.18881e-07
696 349500 -1.18881e-07
697 350000 -1.18881e-07
698 350500 -1.18881e-07
699 351000 -1.18881e-07
700 351500 -1.18881e-07
701 352000 -1.18881e-07
702 352500 -1.18881e-07
703 353000 -1.18881e-07
704 353500 -1.18881e-07
705 354000 -1.18881e-07
706 354500 -1.18881e-07
707 355000 -1.18881e-07
708 355500 -1.18881e-07
709 356000 -1.18881e-07
710 356500 -1.18881e-07
711 357000 -1.18881e-07
712 357500 -1.18881e-07
713 358000 -1.18881e-07
714 358500 -1.18881e-07
715 359000 -1.18881e-07
716 359500 -1.18881e-07
717 360000 -1.18881e-07
718 360500 -1.18881e-07
719 361000 -1.18881e-07
720 361500 -1.18881e-07
721 362000 -1.18881e-07
722 362500 -1.18881e-07
723 363000 -1.18881e-07
724 363500 -1.18881e-07
725 364000 -1.18881e-07
726 364500 -1.18881e-07
727 365000 -1.18881e-07
728 365500 -1.18881e-07
729 366000 -1.18881e-07
730 366500 -1.18881e-07
731 367000 -1.18881e-07
732 367500 -1.18881e-07
733 368000 -1.18881e-07
734 368500 -1.18881e-07
735 369000 -1.18881e-07
736 369500 -1.18881e-07
737 370000 -1.18881e-07
738 370500 -1.18881e-07
739 371000 -1.18881e-07
740 371500 -1.18881e-07
741 372000 -1.18881e-07
742 372500 -1.18881e-07
743 373000 -1.18881e-07
744 373500 -1.18881e-07
745 374000 -1.18881e-07
746 374500 -1.18881e-07
747 375000 -1.18881e-07
748 375500 -1.18881e-07
749 376000 -1.18881e-07
750 376500 -1.18881e-07
751 377000 -1.18881e-07
752 377500 -1.18881e-07
753 378000 -1.18881e-07
754 378500 -1.18881e-07
755 379000 -1.18881e-07
756 379500 -1.18881e-07
757 380000 -1.18881e-07
758 380500 -1.18881e-07
759 381000 -1.18881e-07
760 381500 -1.18881e-07
761 382000 -1.18881e-07
762 382500 -1.18881e-07
763 383000 -1.18881e-07
764 383500 -1.18881e-07
765 384000 -1.18881e-07
766 384500 -1.18881e-07
767 385000 -1.18881e-07
768 385500 -1.18881e-07
769 386000 -1.18881e-07
770 386500 -1.18881e-07
771 387000 -1.18881e-07
772 387500 -1.18881e-07
773 388000 -1.18881e-07
774 388500 -1.18881e-07
775 389000 -1.18881e-07
776 389500 -1.18881e-07
777 390000 -1.18881e-07
778 390500 -1.18881e-07
779 391000 -1.18881e-07
780 391500 -1.18881e-07
781 392000 -1.18881e-07
782 392500 -1.18881e-07
783 393000 -1.18881e-07
784 393500 -1.18881e-07
785 394000 -1.18881e-07
786 394500 -1.18881e-07
787 395000 -1.18881e-07
788 395500 -1.18881e-07
789 396000 -1.18881e-07
790 396500 -1.18881e-07
791 397000 -1.18881e-07
792 397500 -1.18881e-07
793 398000 -1.18881e-07
794 398500 -1.18881e-07
795 399000 -1.18881e-07
796 399500 -1.18881e-07
797 400000 -1.18881e-07
798 400500 -1.18881e-07
799 401000 -1.18881e-07
800 401500 -1.18881e-07
801 402000 -1.18881e-07
802 402500 -1.18881e-07
803 403000 -1.18881e-07
804 403500 -1.18881e-07
805 404000 -1.18881e-07
806 404500 -1.18881e-07
807 405000 -1.18881e-07
808 405500 -1.18881e-07
809 406000 -1.18881e-07
810 406500 -1.18881e-07
811 407000 -1.18881e-07
812 407500 -1.18881e-07
813 408000 -1.18881e-07
814 408500 -1.18881e-07
815 409000 -1.18881e-07
816 409500 -1.18881e-07
817 410000 -1.18881e-07
818 410500 -1.18881e-07
819 411000 -1.18881e-07
820 411500 -1.18881e-07
821 412000 -1.18881e-07
822 412500 -1.18881e-07
823 413000 -1.18881e-07
824 413500 -1.18881e-07
825 414000 -1.18881e-07
826 414500 -1.18881e-07
827 415000 -1.18881e-07
828 415500 -1.18881e-07
829 416000 -1.18881e-07
830 416500 -1.18881e-07
831 417000 -1.18881e-07
832 417500 -1.18881e-07
833 418000 -1.18881e-07
834 418500 -1.18881e-07
835 419000 -1.18881e-07
836 419500 -1.18881e-07
837 420000 -1.18881e-07
838 420500 -1.18881e-07
839 421000 -1.18881e-07
840 421500 -1.18881e-07
841 422000 -1.18881e-07
842 422500 -1.18881e-07
843 423000 -1.18881e-07
844 423500 -1.18881e-07
845 424000 -1.18881e-07
846 424500 -1.18881e-07
847 425000 -1.18881e-07
848 425500 -1.18881e-07
849 426000 -1.18881e-07
850 426500 -1.18881e-07
851 427000 -1.18881e-07
852 427500 -1.18881e-07
853 428000 -1.18881e-07
854 428500 -1.18881e-07
855 429000 -1.18881e-07
856 429500 -1.18881e-07
857 430000 -1.18881e-07
858 430500 -1.18881e-07
859 431000 -1.18881e-07
860 431500 -1.18881e-07
861 432000 -1.18881e-07
862 432500 -1.18881e-07
863 433000 -1.18881e-07
864 433500 -1.18881e-07
865 434000 -1.18881e-07
866 434500 -1.18881e-07
867 435000 -1.18881e-07
868 435500 -1.18881e-07
869 436000 -1.18881e-07
870 436500 -1.18881e-07
871 437000 -1.18881e-07
872 437500 -1.18881e-07
873 438000 -1.18881e-07
874 438500 -1.18881e-07
875 439000 -1.18881e-07
876 439500 -1.18881e-07
877 440000 -1.18881e-07
878 440500 -1.18881e-07
879 441000 -1.18881e-07
880 441500 -1.18881e-07
881 442000 -1.18881e-07
882 442500 -1.18881e-07
883 443000 -1.18881e-07
884 443500 -1.18881e-07
885 444000 -1.18881e-07
886 444500 -1.18881e-07
887 445000 -1.18881e-07
888 445500 -1.18881e-07
889 446000 -1.18881e-07
890 446500 -1.18881e-07
891 447000 -1.18881e-07
892 447500 -1.18881e-07
893 448000 -1.18881e-07
894 448500 -1.18881e-07
895 449000 -1.18881e-07
896 449500 -1.18881e-07
897 450000 -1.18881e-07
898 450500 -1.18881e-07
899 451000 -1.18881e-07
900 451500 -1.18881e-07
901 452000 -1.18881e-07
902 452500 -1.18881e-07
903 453000 -1.18881e-07
904 453500 -1.18881e-07
905 454000 -1.18881e-07
906 454500 -1.18881e-07
907 455000 -1.18881e-07
908 455500 -1.18881e-07
909 456000 -1.18881e-07
910 456500 -1.18881e-07
911 457000 -1.18881e-07
912 457500 -1.18881e-07
913 458000 -1.18881e-07
914 458500 -1.18881e-07
915 459000 -1.18881e-07
916 459500 -1.18881e-07
917 460000 -1.18881e-07
918 460500 -1.18881e-07
919 461000 -1.18881e-07
920 461500 -1.18881e-07
921 462000 -1.18881e-07
922 462500 -1.18881e-07
923 463000 -1.18881e-07
924 463500 -1.18881e-07
925 464000 -1.18881e-07
926 464500 -1.18881e-07
927 465000 -1.18881e-07
928 465500 -1.18881e-07
929 466000 -1.18881e-07
930 466500 -1.18881e-07
931 467000 -1.18881e-07
932 467500 -1.18881e-07
933 468000 -1.18881e-07
934 468500 -1.18881e-07
935 469000 -1.18881e-07
936 469500 -1.18881e-07
937 470000 -1.18881e-07
938 470500 -1.18881e-07
939 471000 -1.18881e-07
940 471500 -1.18881e-07
941 472000 -1.18881e-07
942 472500 -1.18881e-07
943 473000 -1.18881e-07
944 473500 -1.18881e-07
945 474000 -1.18881e-07
946 474500 -1.18881e-07
947 475000 -1.18881e-07
948 475500 -1.18881e-07
949 476000 -1.18881e-07
950 476500 -1.18881e-07
951 477000 -1.18881e-07
952 477500 -1.18881e-07
953 478000 -1.18881e-07
954 478500 -1.18881e-07
955 479000 -1.18881e-07
956 479500 -1.18881e-07
957 480000 -1.18881e-07
958 480500 -1.18881e-07
959 481000 -1.18881e-07
960 481500 -1.18881e-07
961 482000 -1.18881e-07
962 482500 -1.18881e-07
963 483000 -1.18881e-07
964 483500 -1.18881e-07
965 484000 -1.18881e-07
966 484500 -1.18881e-07
967 485000 -1.18881e-07
968 485500 -1.18881e-07
969 486000 -1.18881e-07
970 486500 -1.18881e-07
971 487000 -1.18881e-07
972 487500 -1.18881e-07
973 488000 -1.18881e-07
974 488500 -1.18881e-07
975 489000 -1.18881e-07
976 489500 -1.18881e-07
977 490000 -1.18881e-07
978 490500 -1.18881e-07
979 491000 -1.18881e-07
980 491500 -1.18881e-07
981 492000 -1.18881e-07
982 492500 -1.18881e-07
983 493000 -1.18881e-07
984 493500 -1.18881e-07
985 494000 -1.18881e-07
986 494500 -1.18881e-07
987 495000 -1.18881e-07
988 495500 -1.18881e-07
989 496000 -1.18881e-07
990 496500 -1.18881e-07
991 497000 -1.18881e-07
992 497500 -1.18881e-07
993 498000 -1.18881e-07
994 498500 -1.18881e-07
995 499000 -1.18881e-07
996 499500 -1.18881e-07
997 500000 -1.18881e-07
998 500500 -1.18881e-07
999 501000 -1.18881e-07
1000 501500 -1.18881e-07
1001 502000 -1.18881e-07
1002 502500 -1.18881e-07
1003 503000 -1.18881e-07
1004 503500 -1.18881e-07
1005 504000 -1.18881e-07
1006 504500 -1.18881e-07
1007 505000 -1.18881e-07
1008 505500 -1.18881e-07
1009 506000 -1.18881e-07
1010 506500 -1.18881e-07
1011 507000 -1.18881e-07
1012 507500 -1.18881e-07
1013 508000 -1.18881e-07
1014 508500 -1.18881e-07
1015 509000 -1.18881e-07
1016 509500 -1.18881e-07
1017 510000 -1.18881e-07
1018 510500 -1.18881e-07
1019 511000 -1.18881e-07
1020 511500 -1.18881e-07
1021 512000 -1.18881e-07
1022 512500 -1.18881e-07
1023 513000 -1.18881e-07
1024 513500 -1.18881e-07
1025 514000 -1.18881e-07
1026 514500 -1.18881e-07
1027 515000 -1.18881e-07
1028 515500 -1.18881e-07
1029 516000 -1.18881e-07
1030 516500 -1.18881e-07
1031 517000 -1.18881e-07
1032 517500 -1.18881e-07
1033 518000 -1.18881e-07
1034 518500 -1.18881e-07
1035 519000 -1.18881e-07
1036 519500 -1.18881e-07
1037 520000 -1.18881e-07
1038 520500 -1.18881e-07
1039 521000 -1.18881e-07
1040 521500 -1.18881e-07
1041 522000 -1.18881e-07
1042 522500 -1.18881e-07
1043 523000 -1.18881e-07
1044 523500 -1.18881e-07
1045 524000 -1.18881e-07
1046 524500 -1.18881e-07
1047 525000 -1.18881e-07
1048 525500 -1.18881e-07
1049 526000 -1.18881e-07
1050 526500 -1.18881e-07
1051 527000 -1.18881e-07
1052 527500 -1.18881e-07
1053 528000 -1.18881e-07
1054 528500 -1.18881e-07
1055 529000 -1.18881e-07
1056 529500 -1.18881e-07
1057 530000 -1.18881e-07
1058 530500 -1.18881e-07
1059 531000 -1.18881e-07
1060 531500 -1.18881e-07
1061 532000 -1.18881e-07
1062 532500 -1.18881e-07
1063 533000 -1.18881e-07
1064 533500 -1.18881e-07
1065 534000 -1.18881e-07
1066 534500 -1.18881e-07
1067 535000 -1.18881e-07
1068 535500 -1.18881e-07
1069 536000 -1.18881e-07
1070 536500 -1.18881e-07
1071 537000 -1.18881e-07
1072 537500 -1.18881e-07
1073 538000 -1.18881e-07
1074 538500 -1.18881e-07
1075 539000 -1.18881e-07
1076 539500 -1.18881e-07
1077 540000 -1.18881e-07
1078 540500 -1.18881e-07
1079 541000 -1.18881e-07
1080 541500 -1.18881e-07
1081 542000 -1.18881e-07
1082 542500 -1.18881e-07
1083 543000 -1.18881e-07
1084 543500 -1.18881e-07
1085 544000 -1.18881e-07
1086 544500 -1.18881e-07
1087 545000 -1.18881e-07
1088 545500 -1.18881e-07
1089 546000 -1.18881e-07
1090 546500 -1.18881e-07
1091 547000 -1.18881e-07
1092 547500 -1.18881e-07
1093 548000 -1.18881e-07
1094 548500 -1.18881e-07
1095 549000 -1.18881e-07
1096 549500 -1.18881e-07
1097 550000 -1.18881e-07
1098 550500 -1.18881e-07
1099 551000 -1.18881e-07
1100 551500 -1.18881e-07
1101 552000 -1.18881e-07
1102 552500 -1.18881e-07
1103 553000 -1.18881e-07
1104 553500 -1.18881e-07
1105 554000 -1.18881e-07
1106 554500 -1.18881e-07
1107 555000 -1.18881e-07
1108 555500 -1.18881e-07
1109 556000 -1.18881e-07
1110 556500 -1.18881e-07
1111 557000 -1.18881e-07
1112 557500 -1.18881e-07
1113 558000 -1.18881e-07
1114 558500 -1.18881e-07
1115 559000 -1.18881e-07
1116 559500 -1.18881e-07
1117 560000 -1.18881e-07
1118 560500 -1.18881e-07
1119 561000 -1.18881e-07
1120 561500 -1.18881e-07
1121 562000 -1.18881e-07
1122 562500 -1.18881e-07
1123 563000 -1.18881e-07
1124 563500 -1.18881e-07
1125 564000 -1.18881e-07
1126 564500 -1.18881e-07
1127 565000 -1.18881e-07
1128 565500 -1.18881e-07
1129 566000 -1.18881e-07
1130 566500 -1.18881e-07
1131 567000 -1.18881e-07
1132 567500 -1.18881e-07
1133 568000 -1.18881e-07
1134 568500 -1.18881e-07
1135 569000 -1.18881e-07
1136 569500 -1.18881e-07
1137 570000 -1.18881e-07
1138 570500 -1.18881e-07
1139 571000 -1.18881e-07
1140 571500 -1.18881e-07
1141 572000 -1.18881e-07
1142 572500 -1.18881e-07
1143 573000 -1.18881e-07
1144 573500 -1.18881e-07
1145 574000 -1.18881e-07
1146 574500 -1.18881e-07
1147 575000 -1.18881e-07
1148 575500 -1.18881e-07
1149 576000 -1.18881e-07
1150 576500 -1.18881e-07
1151 577000 -1.18881e-07
1152 577500 -1.18881e-07
1153 578000 -1.18881e-07
1154 578500 -1.18881e-07
1155 579000 -1.18881e-07
1156 579500 -1.18881e-07
1157 580000 -1.18881e-07
1158 580500 -1.18881e-07
1159 581000 -1.18881e-07
1160 581500 -1.18881e-07
1161 582000 -1.18881e-07
1162 582500 -1.18881e-07
1163 583000 -1.18881e-07
1164 583500 -1.18881e-07
1165 584000 -1.18881e-07
1166 584500 -1.18881e-07
1167 585000 -1.18881e-07
1168 585500 -1.18881e-07
1169 586000 -1.18881e-07
1170 586500 -1.18881e-07
1171 587000 -1.18881e-07
1172 587500 -1.18881e-07
1173 588000 -1.18881e-07
1174 588500 -1.18881e-07
1175 589000 -1.18881e-07
1176 589500 -1.18881e-07
1177 590000 -1.18881e-07
1178 590500 -1.18881e-07
1179 591000 -1.18881e-07
1180 591500 -1.18881e-07
1181 592000 -1.18881e-07
1182 592500 -1.18881e-07
1183 593000 -1.18881e-07
1184 593500 -1.18881e-07
1185 594000 -1.18881e-07
1186 594500 -1.18881e-07
1187 595000 -1.18881e-07
1188 595500 -1.18881e-07
1189 596000 -1.18881e-07
1190 596500 -1.18881e-07
1191 597000 -1.18881e-07
1192 597500 -1.18881e-07
1193 598000 -1.18881e-07
1194 598500 -1.18881e-07
1195 599000 -1.18881e-07
1196 599500 -1.18881e-07
1197 600000 -1.18881e-07
1198 600500 -1.18881e-07
1199 601000 -1.18881e-07
1200 601500 -1.18881e-07
1201 602000 -1.18881e-07
1202 602500 -1.18881e-07
1203 603000 -1.18881e-07
1204 603500 -1.18881e-07
1205 604000 -1.18881e-07
1206 604500 -1.18881e-07
1207 605000 -1.18881e-07
1208 605500 -1.18881e-07
1209 606000 -1.18881e-07
1210 606500 -1.18881e-07
1211 607000 -1.18881e-07
1212 607500 -1.18881e-07
1213 608000 -1.18881e-07
1214 608500 -1.18881e-07
1215 609000 -1.18881e-07
1216 609500 -1.18881e-07
1217 610000 -1.18881e-07
1218 610500 -1.18881e-07
1219 611000 -1.18881e-07
1220 611500 -1.18881e-07
1221 612000 -1.18881e-07
1222 612500 -1.18881e-07
1223 613000 -1.18881e-07
1224 613500 -1.18881e-07
1225 614000 -1.18881e-07
1226 614500 -1.18881e-07
1227 615000 -1.18881e-07
1228 615500 -1.18881e-07
1229 616000 -1.18881e-07
1230 616500 -1.18881e-07
1231 617000 -1.18881e-07
1232 617500 -1.18881e-07
1233 618000 -1.18881e-07
1234 618500 -1.18881e-07
1235 619000 -1.18881e-07
1236 619500 -1.18881e-07
1237 620000 -1.18881e-07
1238 620500 -1.18881e-07
1239 621000 -1.18881e-07
1240 621500 -1.18881e-07
1241 622000 -1.18881e-07
1242 622500 -1.18881e-07
1243 623000 -1.18881e-07
1244 623500 -1.18881e-07
1245 624000 -1.18881e-07
1246 624500 -1.18881e-07
1247 625000 -1.18881e-07
1248 625500 -1.18881e-07
1249 626000 -1.18881e-07
1250 626500 -1.18881e-07
1251 627000 -1.18881e-07
1252 627500 -1.18881e-07
1253 628000 -1.18881e-07
1254 628500 -1.18881e-07
1255 629000 -1.18881e-07
1256 629500 -1.18881e-07
1257 630000 -1.18881e-07
1258 630500 -1.18881e-07
1259 631000 -1.18881e-07
1260 631500 -1.18881e-07
1261 632000 -1.18881e-07
1262 632500 -1.18881e-07
1263 633000 -1.18881e-07
1264 633500 -1.18881e-07
1265 634000 -1.18881e-07
1266 634500 -1.18881e-07
1267 635000 -1.18881e-07
1268 635500 -1.18881e-07
1269 636000 -1.18881e-07
1270 636500 -1.18881e-07
1271 637000 -1.18881e-07
1272 637500 -1.18881e-07
1273 638000 -1.18881e-07
1274 638500 -1.18881e-07
1275 639000 -1.18881e-07
1276 639500 -1.18881e-07
1277 640000 -1.18881e-07
1278 640500 -1.18881e-07
1279 641000 -1.18881e-07
1280 641500 -1.18881e-07
1281 642000 -1.18881e-07
1282 642500 -1.18881e-07
1283 643000 -1.18881e-07
1284 643500 -1.18881e-07
1285 644000 -1.18881e-07
1286 644500 -1.18881e-07
1287 645000 -1.18881e-07
1288 645500 -1.18881e-07
1289 646000 -1.18881e-07
1290 646500 -1.18881e-07
1291 647000 -1.18881e-07
1292 647500 -1.18881e-07
1293 648000 -1.18881e-07
1294 648500 -1.18881e-07
1295 649000 -1.18881e-07
1296 649500 -1.18881e-07
1297 650000 -1.18881e-07
1298 650500 -1.18881e-07
1299 651000 -1.18881e-07
1300 651500 -1.18881e-07
1301 652000 -1.18881e-07
1302 652500 -1.18881e-07
1303 653000 -1.18881e-07
1304 653500 -1.18881e-07
1305 654000 -1.18881e-07
1306 654500 -1.18881e-07
1307 655000 -1.18881e-07
1308 655500 -1.18881e-07
1309 656000 -1.18881e-07
1310 656500 -1.18881e-07
1311 657000 -1.18881e-07
1312 657500 -1.18881e-07
1313 658000 -1.18881e-07
1314 658500 -1.18881e-07
1315 659000 -1.18881e-07
1316 659500 -1.18881e-07
1317 660000 -1.18881e-07
1318 660500 -1.18881e-07
1319 661000 -1.18881e-07
1320 661500 -1.18881e-07
1321 662000 -1.18881e-07
1322 662500 -1.18881e-07
1323 663000 -1.18881e-07
1324 663500 -1.18881e-07
1325 664000 -1.18881e-07
1326 664500 -1.18881e-07
1327 665000 -1.18881e-07
1328 665500 -1.18881e-07
1329 666000 -1.18881e-07
1330 666500 -1.18881e-07
1331 667000 -1.18881e-07
1332 667500 -1.18881e-07
1333 668000 -1.18881e-07
1334 668500 -1.18881e-07
1335 669000 -1.18881e-07
1336 669500 -1.18881e-07
1337 670000 -1.18881e-07
1338 670500 -1.18881e-07
1339 671000 -1.18881e-07
1340 671500 -1.18881e-07
1341 672000 -1.18881e-07
1342 672500 -1.18881e-07
1343 673000 -1.18881e-07
1344 673500 -1.18881e-07
1345 674000 -1.18881e-07
1346 674500 -1.18881e-07
1347 675000 -1.18881e-07
1348 675500 -1.18881e-07
1349 676000 -1.18881e-07
1350 676500 -1.18881e-07
1351 677000 -1.18881e-07
1352 677500 -1.18881e-07
1353 678000 -1.18881e-07
1354 678500 -1.18881e-07
1355 679000 -1.18881e-07
1356 679500 -1.18881e-07
1357 680000 -1.18881e-07
1358 680500 -1.18881e-07
1359 681000 -1.18881e-07
1360 681500 -1.18881e-07
1361 682000 -1.18881e-07
1362 682500 -1.18881e-07
1363 683000 -1.18881e-07
1364 683500 -1.18881e-07
1365 684000 -1.18881e-07
1366 684500 -1.18881e-07
1367 685000 -1.18881e-07
1368 685500 -1.18881e-07
1369 686000 -1.18881e-07
1370 686500 -1.18881e-07
1371 687000 -1.18881e-07
1372 687500 -1.18881e-07
1373 688000 -1.18881e-07
1374 688500 -1.18881e-07
1375 689000 -1.18881e-07
1376 689500 -1.18881e-07
1377 690000 -1.18881e-07
1378 690500 -1.18881e-07
1379 691000 -1.18881e-07
1380 691500 -1.18881e-07
1381 692000 -1.18881e-07
1382 692500 -1.18881e-07
1383 693000 -1.18881e-07
1384 693500 -1.18881e-07
1385 694000 -1.18881e-07
1386 694500 -1.18881e-07
1387 695000 -1.18881e-07
1388 695500 -1.18881e-07
1389 696000 -1.18881e-07
1390 696500 -1.18881e-07
1391 697000 -1.18881e-07
1392 697500 -1.18881e-07
1393 698000 -1.18881e-07
1394 698500 -1.18881e-07
1395 699000 -1.18881e-07
1396 699500 -1.18881e-07
1397 700000 -1.18881e-07
1398 700500 -1.18881e-07
1399 701000 -1.18881e-07
1400 701500 -1.18881e-07
1401 702000 -1.18881e-07
1402 702500 -1.18881e-07
1403 703000 -1.18881e-07
1404 703500 -1.18881e-07
1405 704000 -1.18881e-07
1406 704500 -1.18881e-07
1407 705000 -1.18881e-07
1408 705500 -1.18881e-07
1409 706000 -1.18881e-07
1410 706500 -1.18881e-07
1411 707000 -1.18881e-07
1412 707500 -1.18881e-07
1413 708000 -1.18881e-07
1414 708500 -1.18881e-07
1415 709000 -1.18881e-07
1416 709500 -1.18881e-07
1417 710000 -1.18881e-07
1418 710500 -1.18881e-07
1419 711000 -1.18881e-07
1420 711500 -1.18881e-07
1421 712000 -1.18881e-07
1422 712500 -1.18881e-07
1423 713000 -1.18881e-07
1424 713500 -1.18881e-07
1425 714000 -1.18881e-07
1426 714500 -1.18881e-07
1427 715000 -1.18881e-07
1428 715500 -1.18881e-07
1429 716000 -1.18881e-07
1430 716500 -1.18881e-07
1431 717000 -1.18881e-07
1432 717500 -1.18881e-07
1433 718000 -1.18881e-07
1434 718500 -1.18881e-07
1435 719000 -1.18881e-07
1436 719500 -1.18881e-07
1437 720000 -1.18881e-07
1438 720500 -1.18881e-07
1439 721000 -1.18881e-07
1440 721500 -1.18881e-07
1441 722000 -1.18881e-07
1442 722500 -1.18881e-07
1443 723000 -1.18881e-07
1444 723500 -1.18881e-07
1445 724000 -1.18881e-07
1446 724500 -1.18881e-07
1447 725000 -1.18881e-07
1448 725500 -1.18881e-07
1449 726000 -1.18881e-07
1450 726500 -1.18881e-07
1451 727000 -1.18881e-07
1452 727500 -1.18881e-07
1453 728000 -1.18881e-07
1454 728500 -1.18881e-07
1455 729000 -1.18881e-07
1456 729500 -1.18881e-07
1457 730000 -1.18881e-07
1458 730500 -1.18881e-07
1459 731000 -1.18881e-07
1460 731500 -1.18881e-07
1461 732000 -1.18881e-07
1462 732500 -1.18881e-07
1463 733000 -1.18881e-07
1464 733500 -1.18881e-07
1465 734000 -1.18881e-07
1466 734500 -1.18881e-07
1467 735000 -1.18881e-07
1468 735500 -1.18881e-07
1469 736000 -1.18881e-07
1470 736500 -1.18881e-07
1471 737000 -1.18881e-07
1472 737500 -1.18881e-07
1473 738000 -1.18881e-07
1474 738500 -1.18881e-07
1475 739000 -1.18881e-07
1476 739500 -1.18881e-07
1477 740000 -1.18881e-07
1478 740500 -1.18881e-07
1479 741000 -1.18881e-07
1480 741500 -1.18881e-07
1481 742000 -1.18881e-07
1482 742500 -1.18881e-07
1483 743000 -1.18881e-07
1484 743500 -1.18881e-07
1485 744000 -1.18881e-07
1486 744500 -1.18881e-07
1487 745000 -1.18881e-07
1488 745500 -1.18881e-07
1489 746000 -1.18881e-07
1490 746500 -1.18881e-07
1491 747000 -1.18881e-07
1492 747500 -1.18881e-07
1493 748000 -1.18881e-07
1494 748500 -1.18881e-07
1495 749000 -1.18881e-07
1496 749500 -1.18881e-07
1497 750000 -1.18881e-07
1498 750500 -1.18881e-07
1499 751000 -1.18881e-07
1500 751500 -1.18881e-07
1501 752000 -1.18881e-07
1502 752500 -1.18881e-07
1503 753000 -1.18881e-07
1504 753500 -1.18881e-07
1505 754000 -1.18881e-07
1506 754500 -1.18881e-07
1507 755000 -1.18881e-07
1508 755500 -1.18881e-07
1509 756000 -1.18881e-07
1510 756500 -1.18881e-07
1511 757000 -1.18881e-07
1512 757500 -1.18881e-07
1513 758000 -1.18881e-07
1514 758500 -1.18881e-07
1515 759000 -1.18881e-07
1516 759500 -1.18881e-07
1517 760000 -1.18881e-07
1518 760500 -1.18881e-07
1519 761000 -1.18881e-07
1520 761500 -1.18881e-07
1521 762000 -1.18881e-07
1522 762500 -1.18881e-07
1523 763000 -1.18881e-07
1524 763500 -1.18881e-07
1525 764000 -1.18881e-07
1526 764500 -1.18881e-07
1527 765000 -1.18881e-07
1528 765500 -1.18881e-07
1529 766000 -1.18881e-07
1530 766500 -1.18881e-07
1531 767000 -1.18881e-07
1532 767500 -1.18881e-07
1533 768000 -1.18881e-07
1534 768500 -1.18881e-07
1535 769000 -1.18881e-07
1536 769500 -1.18881e-07
1537 770000 -1.18881e-07
1538 770500 -1.18881e-07
1539 771000 -1.18881e-07
1540 771500 -1.18881e-07
1541 772000 -1.18881e-07
1542 772500 -1.18881e-07
1543 773000 -1.18881e-07
1544 773500 -1.18881e-07
1545 774000 -1.18881e-07
1546 774500 -1.18881e-07
1547 775000 -1.18881e-07
1548 775500 -1.18881e-07
1549 776000 -1.18881e-07
1550 776500 -1.18881e-07
1551 777000 -1.18881e-07
1552 777500 -1.18881e-07
1553 778000 -1.18881e-07
1554 778500 -1.18881e-07
1555 779000 -1.18881e-07
1556 779500 -1.18881e-07
1557 780000 -1.18881e-07
1558 780500 -1.18881e-07
1559 781000 -1.18881e-07
1560 781500 -1.18881e-07
1561 782000 -1.18881e-07
1562 782500 -1.18881e-07
1563 783000 -1.18881e-07
1564 783500 -1.18881e-07
1565 784000 -1.18881e-07
1566 784500 -1.18881e-07
1567 785000 -1.18881e-07
1568 785500 -1.18881e-07
1569 786000 -1.18881e-07
1570 786500 -1.18881e-07
1571 787000 -1.18881e-07
1572 787500 -1.18881e-07
1573 788000 -1.18881e-07
1574 788500 -1.18881e-07
1575 789000 -1.18881e-07
1576 789500 -1.18881e-07
1577 790000 -1.18881e-07
1578 790500 -1.18881e-07
1579 791000 -1.18881e-07
1580 791500 -1.18881e-07
1581 792000 -1.18881e-07
1582 792500 -1.18881e-07
1583 793000 -1.18881e-07
1584 793500 -1.18881e-07
1585 794000 -1.18881e-07
1586 794500 -1.18881e-07
1587 795000 -1.18881e-07
1588 795500 -1.18881e-07
1589 796000 -1.18881e-07
1590 796500 -1.18881e-07
1591 797000 -1.18881e-07
1592 797500 -1.18881e-07
1593 798000 -1.18881e-07
1594 798500 -1.18881e-07
1595 799000 -1.18881e-07
1596 799500 -1.18881e-07
1597 800000 -1.18881e-07
1598 800500 -1.18881e-07
1599 801000 -1.18881e-07
1600 801500 -1.18881e-07
1601 802000 -1.18881e-07
1602 802500 -1.18881e-07
1603 803000 -1.18881e-07
1604 803500 -1.18881e-07
1605 804000 -1.18881e-07
1606 804500 -1.18881e-07
1607 805000 -1.18881e-07
1608 805500 -1.18881e-07
1609 806000 -1.18881e-07
1610 806500 -1.18881e-07
1611 807000 -1.18881e-07
1612 807500 -1.18881e-07
1613 808000 -1.18881e-07
1614 808500 -1.18881e-07
1615 809000 -1.18881e-07
1616 809500 -1.18881e-07
1617 810000 -1.18881e-07
1618 810500 -1.18881e-07
1619 811000 -1.18881e-07
1620 811500 -1.18881e-07
1621 812000 -1.18881e-07
1622 812500 -1.18881e-07
1623 813000 -1.18881e-07
1624 813500 -1.18881e-07
1625 814000 -1.18881e-07
1626 814500 -1.18881e-07
1627 815000 -1.18881e-07
1628 815500 -1.18881e-07
1629 816000 -1.18881e-07
1630 816500 -1.18881e-07
1631 817000 -1.18881e-07
1632 817500 -1.18881e-07
1633 818000 -1.18881e-07
1634 818500 -1.18881e-07
1635 819000 -1.18881e-07
1636 819500 -1.18881e-07
1637 820000 -1.18881e-07
1638 820500 -1.18881e-07
1639 821000 -1.18881e-07
1640 821500 -1.18881e-07
1641 822000 -1.18881e-07
1642 822500 -1.18881e-07
1643 823000 -1.18881e-07
1644 823500 -1.18881e-07
1645 824000 -1.18881e-07
1646 824500 -1.18881e-07
1647 825000 -1.18881e-07
1648 825500 -1.18881e-07
1649 826000 -1.18881e-07
1650 826500 -1.18881e-07
1651 827000 -1.18881e-07
1652 827500 -1.18881e-07
1653 828000 -1.18881e-07
1654 828500 -1.18881e-07
1655 829000 -1.18881e-07
1656 829500 -1.18881e-07
1657 830000 -1.18881e-07
1658 830500 -1.18881e-07
1659 831000 -1.18881e-07
1660 831500 -1.18881e-07
1661 832000 -1.18881e-07
1662 832500 -1.18881e-07
1663 833000 -1.18881e-07
1664 833500 -1.18881e-07
1665 834000 -1.18881e-07
1666 834500 -1.18881e-07
1667 835000 -1.18881e-07
1668 835500 -1.18881e-07
1669 836000 -1.18881e-07
1670 836500 -1.18881e-07
1671 837000 -1.18881e-07
1672 837500 -1.18881e-07
1673 838000 -1.18881e-07
1674 838500 -1.18881e-07
1675 839000 -1.18881e-07
1676 839500 -1.18881e-07
1677 840000 -1.18881e-07
1678 840500 -1.18881e-07
1679 841000 -1.18881e-07
1680 841500 -1.18881e-07
1681 842000 -1.18881e-07
1682 842500 -1.18881e-07
1683 843000 -1.18881e-07
1684 843500 -1.18881e-07
1685 844000 -1.18881e-07
1686 844500 -1.18881e-07
1687 845000 -1.18881e-07
1688 845500 -1.18881e-07
1689 846000 -1.18881e-07
1690 846500 -1.18881e-07
1691 847000 -1.18881e-07
1692 847500 -1.18881e-07
1693 848000 -1.18881e-07
1694 848500 -1.18881e-07
1695 849000 -1.18881e-07
1696 849500 -1.18881e-07
1697 850000 -1.18881e-07
1698 850500 -1.18881e-07
1699 851000 -1.18881e-07
1700 851500 -1.18881e-07
1701 852000 -1.18881e-07
1702 852500 -1.18881e-07
1703 853000 -1.18881e-07
1704 853500 -1.18881e-07
1705 854000 -1.18881e-07
1706 854500 -1.18881e-07
1707 855000 -1.18881e-07
1708 855500 -1.18881e-07
1709 856000 -1.18881e-07
1710 856500 -1.18881e-07
1711 857000 -1.18881e-07
1712 857500 -1.18881e-07
1713 858000 -1.18881e-07
1714 858500 -1.18881e-07
1715 859000 -1.18881e-07
1716 859500 -1.18881e-07
1717 860000 -1.18881e-07
1718 860500 -1.18881e-07
1719 861000 -1.18881e-07
1720 861500 -1.18881e-07
1721 862000 -1.18881e-07
1722 862500 -1.18881e-07
1723 863000 -1.18881e-07
1724 863500 -1.18881e-07
1725 864000 -1.18881e-07
1726 864500 -1.18881e-07
1727 865000 -1.18881e-07
1728 865500 -1.18881e-07
1729 866000 -1.18881e-07
1730 866500 -1.18881e-07
1731 867000 -1.18881e-07
1732 867500 -1.18881e-07
1733 868000 -1.18881e-07
1734 868500 -1.18881e-07
1735 869000 -1.18881e-07
1736 869500 -1.18881e-07
1737 870000 -1.18881e-07
1738 870500 -1.18881e-07
1739 871000 -1.18881e-07
1740 871500 -1.18881e-07
1741 872000 -1.18881e-07
1742 872500 -1.18881e-07
1743 873000 -1.18881e-07
1744 873500 -1.18881e-07
1745 874000 -1.18881e-07
1746 874500 -1.18881e-07
1747 875000 -1.18881e-07
1748 875500 -1.18881e-07
1749 876000 -1.18881e-07
1750 876500 -1.18881e-07
1751 877000 -1.18881e-07
1752 877500 -1.18881e-07
1753 878000 -1.18881e-07
1754 878500 -1.18881e-07
1755 879000 -1.18881e-07
1756 879500 -1.18881e-07
1757 880000 -1.18881e-07
1758 880500 -1.18881e-07
1759 881000 -1.18881e-07
1760 881500 -1.18881e-07
1761 882000 -1.18881e-07
1762 882500 -1.18881e-07
1763 883000 -1.18881e-07
1764 883500 -1.18881e-07
1765 884000 -1.18881e-07
1766 884500 -1.18881e-07
1767 885000 -1.18881e-07
1768 885500 -1.18881e-07
1769 886000 -1.18881e-07
1770 886500 -1.18881e-07
1771 887000 -1.18881e-07
1772 887500 -1.18881e-07
1773 888000 -1.18881e-07
1774 888500 -1.18881e-07
1775 889000 -1.18881e-07
1776 889500 -1.18881e-07
1777 890000 -1.18881e-07
1778 890500 -1.18881e-07
1779 891000 -1.18881e-07
1780 891500 -1.18881e-07
1781 892000 -1.18881e-07
1782 892500 -1.18881e-07
1783 893000 -1.18881e-07
1784 893500 -1.18881e-07
1785 894000 -1.18881e-07
1786 894500 -1.18881e-07
1787 895000 -1.18881e-07
1788 895500 -1.18881e-07
1789 896000 -1.18881e-07
1790 896500 -1.18881e-07
1791 897000 -1.18881e-07
1792 897500 -1.18881e-07
1793 898000 -1.18881e-07
1794 898500 -1.18881e-07
1795 899000 -1.18881e-07
1796 899500 -1.18881e-07
1797 900000 -1.18881e-07
1798 900500 -1.18881e-07
1799 901000 -1.18881e-07
1800 901500 -1.18881e-07
1801 902000 -1.18881e-07
1802 902500 -1.18881e-07
1803 903000 -1.18881e-07
1804 903500 -1.18881e-07
1805 904000 -1.18881e-07
1806 904500 -1.18881e-07
1807 905000 -1.18881e-07
1808 905500 -1.18881e-07
1809 906000 -1.18881e-07
1810 906500 -1.18881e-07
1811 907000 -1.18881e-07
1812 907500 -1.18881e-07
1813 908000 -1.18881e-07
1814 908500 -1.18881e-07
1815 909000 -1.18881e-07
1816 909500 -1.18881e-07
1817 910000 -1.18881e-07
1818 910500 -1.18881e-07
1819 911000 -1.18881e-07
1820 911500 -1.18881e-07
1821 912000 -1.18881e-07
1822 912500 -1.18881e-07
1823 913000 -1.18881e-07
1824 913500 -1.18881e-07
1825 914000 -1.18881e-07
1826 914500 -1.18881e-07
1827 915000 -1.18881e-07
1828 915500 -1.18881e-07
1829 916000 -1.18881e-07
1830 916500 -1.18881e-07
1831 917000 -1.18881e-07
1832 917500 -1.18881e-07
1833 918000 -1.18881e-07
1834 918500 -1.18881e-07
1835 919000 -1.18881e-07
1836 919500 -1.18881e-07
1837 920000 -1.18881e-07
1838 920500 -1.18881e-07
1839 921000 -1.18881e-07
1840 921500 -1.18881e-07
1841 922000 -1.18881e-07
1842 922500 -1.18881e-07
1843 923000 -1.18881e-07
1844 923500 -1.18881e-07
1845 924000 -1.18881e-07
1846 924500 -1.18881e-07
1847 925000 -1.18881e-07
1848 925500 -1.18881e-07
1849 926000 -1.18881e-07
1850 926500 -1.18881e-07
1851 927000 -1.18881e-07
1852 927500 -1.18881e-07
1853 928000 -1.18881e-07
1854 928500 -1.18881e-07
1855 929000 -1.18881e-07
1856 929500 -1.18881e-07
1857 930000 -1.18881e-07
1858 930500 -1.18881e-07
1859 931000 -1.18881e-07
1860 931500 -1.18881e-07
1861 932000 -1.18881e-07
1862 932500 -1.18881e-07
1863 933000 -1.18881e-07
1864 933500 -1.18881e-07
1865 934000 -1.18881e-07
1866 934500 -1.18881e-07
1867 935000 -1.18881e-07
1868 935500 -1.18881e-07
1869 936000 -1.18881e-07
1870 936500 -1.18881e-07
1871 937000 -1.18881e-07
1872 937500 -1.18881e-07
1873 938000 -1.18881e-07
1874 938500 -1.18881e-07
1875 939000 -1.18881e-07
1876 939500 -1.18881e-07
1877 940000 -1.18881e-07
1878 940500 -1.18881e-07
1879 941000 -1.18881e-07
1880 941500 -1.18881e-07
1881 942000 -1.18881e-07
1882 942500 -1.18881e-07
1883 943000 -1.18881e-07
1884 943500 -1.18881e-07
1885 944000 -1.18881e-07
1886 944500 -1.18881e-07
1887 945000 -1.18881e-07
1888 945500 -1.18881e-07
1889 946000 -1.18881e-07
1890 946500 -1.18881e-07
1891 947000 -1.18881e-07
1892 947500 -1.18881e-07
1893 948000 -1.18881e-07
1894 948500 -1.18881e-07
1895 949000 -1.18881e-07
1896 949500 -1.18881e-07
1897 950000 -1.18881e-07
1898 950500 -1.18881e-07
1899 951000 -1.18881e-07
1900 951500 -1.18881e-07
1901 952000 -1.18881e-07
1902 952500 -1.18881e-07
1903 953000 -1.18881e-07
1904 953500 -1.18881e-07
1905 954000 -1.18881e-07
1906 954500 -1.18881e-07
1907 955000 -1.18881e-07
1908 955500 -1.18881e-07
1909 956000 -1.18881e-07
1910 956500 -1.18881e-07
1911 957000 -1.18881e-07
1912 957500 -1.18881e-07
1913 958000 -1.18881e-07
1914 958500 -1.18881e-07
1915 959000 -1.18881e-07
1916 959500 -1.18881e-07
1917 960000 -1.18881e-07
1918 960500 -1.18881e-07
1919 961000 -1.18881e-07
1920 961500 -1.18881e-07
1921 962000 -1.18881e-07
1922 962500 -1.18881e-07
1923 963000 -1.18881e-07
1924 963500 -1.18881e-07
1925 964000 -1.18881e-07
1926 964500 -1.18881e-07
1927 965000 -1.18881e-07
1928 965500 -1.18881e-07
1929 966000 -1.18881e-07
1930 966500 -1.18881e-07
1931 967000 -1.18881e-07
1932 967500 -1.18881e-07
1933 968000 -1.18881e-07
1934 968500 -1.18881e-07
1935 969000 -1.18881e-07
1936 969500 -1.18881e-07
1937 970000 -1.18881e-07
1938 970500 -1.18881e-07
1939 971000 -1.18881e-07
1940 971500 -1.18881e-07
1941 972000 -1.18881e-07
1942 972500 -1.18881e-07
1943 973000 -1.18881e-07
1944 973500 -1.18881e-07
1945 974000 -1.18881e-07
1946 974500 -1.18881e-07
1947 975000 -1.18881e-07
1948 975500 -1.18881e-07
1949 976000 -1.18881e-07
1950 976500 -1.18881e-07
1951 977000 -1.18881e-07
1952 977500 -1.18881e-07
1953 978000 -1.18881e-07
1954 978500 -1.18881e-07
1955 979000 -1.18881e-07
1956 979500 -1.18881e-07
1957 980000 -1.18881e-07
1958 980500 -1.18881e-07
1959 981000 -1.18881e-07
1960 981500 -1.18881e-07
1961 982000 -1.18881e-07
1962 982500 -1.18881e-07
1963 983000 -1.18881e-07
1964 983500 -1.18881e-07
1965 984000 -1.18881e-07
1966 984500 -1.18881e-07
1967 985000 -1.18881e-07
1968 985500 -1.18881e-07
1969 986000 -1.18881e-07
1970 986500 -1.18881e-07
1971 987000 -1.18881e-07
1972 987500 -1.18881e-07
1973 988000 -1.18881e-07
1974 988500 -1.18881e-07
1975 989000 -1.18881e-07
1976 989500 -1.18881e-07
1977 990000 -1.18881e-07
1978 990500 -1.18881e-07
1979 991000 -1.18881e-07
1980 991500 -1.18881e-07
1981 992000 -1.18881e-07
1982 992500 -1.18881e-07
1983 993000 -1.18881e-07
1984 993500 -1.18881e-07
1985 994000 -1.18881e-07
1986 994500 -1.18881e-07
1987 995000 -1.18881e-07
1988 995500 -1.18881e-07
1989 996000 -1.18881e-07
1990 996500 -1.18881e-07
1991 997000 -1.18881e-07
1992 997500 -1.18881e-07
1993 998000 -1.18881e-07
1994 998500 -1.18881e-07
1995 999000 -1.18881e-07
1996 999500 -1.18881e-07
1997 1000000 -1.18881e-07
1998 1000500 -1.18881e-07
1999 1001000 -1.18881e-07
