0 1500 -0.000114524
1 2000 -0.000114524
2 2500 -0.000114524
3 3000 -0.000114524
4 3500 -0.000114524
5 4000 -0.000114524
6 4500 -0.000114524
7 5000 -0.000114524
8 5500 -0.000114524
9 6000 -0.000114524
10 6500 -0.000114524
11 7000 -0.000114524
12 7500 -0.000114524
13 8000 -0.000114524
14 8500 -0.000114524
15 9000 -0.000114524
16 9500 -0.000114524
17 10000 -0.000114524
18 10500 -0.000114524
19 11000 -0.000114524
20 11500 -0.000114524
21 12000 -0.000114524
22 12500 -0.000114524
23 13000 -0.000114524
24 13500 -0.000114524
25 14000 -0.000114524
26 14500 -0.000114524
27 15000 -0.000114524
28 15500 -0.000114524
29 16000 -0.000114524
30 16500 -0.000114524
31 17000 -0.000114524
32 17500 -0.000114524
33 18000 -0.000114524
34 18500 -0.000114524
35 19000 -0.000114524
36 19500 -0.000114524
37 20000 -0.000114524
38 20500 -0.000114524
39 21000 -0.000114524
40 21500 -0.000114524
41 22000 -0.000114524
42 22500 -0.000114524
43 23000 -0.000114524
44 23500 -0.000114524
45 24000 -0.000114524
46 24500 -7.6186e-06
47 25000 -7.6186e-06
48 25500 -7.6186e-06
49 26000 -7.6186e-06
50 26500 -7.6186e-06
51 27000 -7.6186e-06
52 27500 -7.6186e-06
53 28000 -7.6186e-06
54 28500 -7.6186e-06
55 29000 -7.6186e-06
56 29500 -7.6186e-06
57 30000 -7.6186e-06
58 30500 -7.6186e-06
59 31000 -7.6186e-06
60 31500 -7.6186e-06
61 32000 -7.6186e-06
62 32500 -7.6186e-06
63 33000 -7.6186e-06
64 33500 -7.6186e-06
65 34000 -7.6186e-06
66 34500 -7.6186e-06
67 35000 -7.6186e-06
68 35500 -7.6186e-06
69 36000 -7.6186e-06
70 36500 -7.6186e-06
71 37000 -7.6186e-06
72 37500 -7.6186e-06
73 38000 -7.6186e-06
74 38500 -7.6186e-06
75 39000 -7.6186e-06
76 39500 -7.6186e-06
77 40000 -7.6186e-06
78 40500 -7.6186e-06
79 41000 -7.6186e-06
80 41500 -7.6186e-06
81 42000 -7.6186e-06
82 42500 -7.6186e-06
83 43000 -7.6186e-06
84 43500 -7.6186e-06
85 44000 -7.6186e-06
86 44500 -7.6186e-06
87 45000 -7.6186e-06
88 45500 -7.6186e-06
89 46000 -7.6186e-06
90 46500 -7.6186e-06
91 47000 -7.6186e-06
92 47500 -7.6186e-06
93 48000 -7.6186e-06
94 48500 -7.6186e-06
95 49000 -7.6186e-06
96 49500 -7.6186e-06
97 50000 -7.6186e-06
98 50500 -7.6186e-06
99 51000 -7.6186e-06
100 51500 -7.6186e-06
101 52000 -7.6186e-06
102 52500 -7.6186e-06
103 53000 -7.6186e-06
104 53500 -7.6186e-06
105 54000 -7.6186e-06
106 54500 -7.6186e-06
107 55000 -7.6186e-06
108 55500 -7.6186e-06
109 56000 -7.6186e-06
110 56500 -7.6186e-06
111 57000 -7.6186e-06
112 57500 -7.6186e-06
113 58000 -7.6186e-06
114 58500 -7.6186e-06
115 59000 -7.6186e-06
116 59500 -7.6186e-06
117 60000 -7.6186e-06
118 60500 -7.6186e-06
119 61000 -7.6186e-06
120 61500 -7.6186e-06
121 62000 -7.6186e-06
122 62500 -7.6186e-06
123 63000 -7.6186e-06
124 63500 -7.6186e-06
125 64000 -7.6186e-06
126 64500 -7.6186e-06
127 65000 -7.6186e-06
128 65500 -7.6186e-06
129 66000 -7.6186e-06
130 66500 -7.6186e-06
131 67000 -7.6186e-06
132 67500 -7.6186e-06
133 68000 -7.6186e-06
134 68500 -7.6186e-06
135 69000 -7.6186e-06
136 69500 -7.6186e-06
137 70000 -7.6186e-06
138 70500 -7.6186e-06
139 71000 -7.6186e-06
140 71500 -7.6186e-06
141 72000 -7.6186e-06
142 72500 -7.6186e-06
143 73000 -7.6186e-06
144 73500 -7.6186e-06
145 74000 -7.6186e-06
146 74500 -7.6186e-06
147 75000 -7.6186e-06
148 75500 -7.6186e-06
149 76000 -7.6186e-06
150 76500 -7.6186e-06
151 77000 -7.6186e-06
152 77500 -7.6186e-06
153 78000 -7.6186e-06
154 78500 -7.6186e-06
155 79000 -7.6186e-06
156 79500 -7.6186e-06
157 80000 -7.6186e-06
158 80500 -7.6186e-06
159 81000 -7.6186e-06
160 81500 -7.6186e-06
161 82000 -7.6186e-06
162 82500 -7.6186e-06
163 83000 -7.6186e-06
164 83500 -7.6186e-06
165 84000 -7.6186e-06
166 84500 -7.6186e-06
167 85000 -7.6186e-06
168 85500 -7.6186e-06
169 86000 -7.6186e-06
170 86500 -7.6186e-06
171 87000 -7.6186e-06
172 87500 -7.6186e-06
173 88000 -7.6186e-06
174 88500 -7.6186e-06
175 89000 -7.6186e-06
176 89500 -7.6186e-06
177 90000 -7.6186e-06
178 90500 -7.6186e-06
179 91000 -7.6186e-06
180 91500 -7.6186e-06
181 92000 -7.6186e-06
182 92500 -7.6186e-06
183 93000 -7.6186e-06
184 93500 -7.6186e-06
185 94000 -7.6186e-06
186 94500 -7.6186e-06
187 95000 -7.6186e-06
188 95500 -7.6186e-06
189 96000 -7.6186e-06
190 96500 -7.6186e-06
191 97000 -7.6186e-06
192 97500 -7.6186e-06
193 98000 -7.6186e-06
194 98500 -7.6186e-06
195 99000 -7.6186e-06
196 99500 -7.6186e-06
197 100000 -7.6186e-06
198 100500 -7.6186e-06
199 101000 -7.6186e-06
200 101500 -7.6186e-06
201 102000 -7.6186e-06
202 102500 -7.6186e-06
203 103000 -7.6186e-06
204 103500 -7.6186e-06
205 104000 -7.6186e-06
206 104500 -7.6186e-06
207 105000 -7.6186e-06
208 105500 -7.6186e-06
209 106000 -7.6186e-06
210 106500 -7.6186e-06
211 107000 -7.6186e-06
212 107500 -7.6186e-06
213 108000 -7.6186e-06
214 108500 -7.6186e-06
215 109000 -7.6186e-06
216 109500 -7.6186e-06
217 110000 -7.6186e-06
218 110500 -7.6186e-06
219 111000 -7.6186e-06
220 111500 -7.6186e-06
221 112000 -7.6186e-06
222 112500 -7.6186e-06
223 113000 -7.6186e-06
224 113500 -7.6186e-06
225 114000 -7.6186e-06
226 114500 -7.6186e-06
227 115000 -7.6186e-06
228 115500 -7.6186e-06
229 116000 -7.6186e-06
230 116500 -7.6186e-06
231 117000 -7.6186e-06
232 117500 -7.6186e-06
233 118000 -7.6186e-06
234 118500 -7.6186e-06
235 119000 -7.6186e-06
236 119500 -7.6186e-06
237 120000 -7.6186e-06
238 120500 -7.6186e-06
239 121000 -7.6186e-06
240 121500 -7.6186e-06
241 122000 -7.6186e-06
242 122500 -7.6186e-06
243 123000 -7.6186e-06
244 123500 -7.6186e-06
245 124000 -7.6186e-06
246 124500 -7.6186e-06
247 125000 -7.6186e-06
248 125500 -7.6186e-06
249 126000 -7.6186e-06
250 126500 -7.6186e-06
251 127000 -7.6186e-06
252 127500 -7.6186e-06
253 128000 -7.6186e-06
254 128500 -7.6186e-06
255 129000 -7.6186e-06
256 129500 -7.6186e-06
257 130000 -7.6186e-06
258 130500 -7.6186e-06
259 131000 -7.6186e-06
260 131500 -7.6186e-06
261 132000 -7.6186e-06
262 132500 -7.6186e-06
263 133000 -7.6186e-06
264 133500 -7.6186e-06
265 134000 -7.6186e-06
266 134500 -7.6186e-06
267 135000 -7.6186e-06
268 135500 -7.6186e-06
269 136000 -7.6186e-06
270 136500 -7.6186e-06
271 137000 -7.6186e-06
272 137500 -7.6186e-06
273 138000 -7.6186e-06
274 138500 -7.6186e-06
275 139000 -7.6186e-06
276 139500 -7.6186e-06
277 140000 -7.6186e-06
278 140500 -7.6186e-06
279 141000 -7.6186e-06
280 141500 -7.6186e-06
281 142000 -7.6186e-06
282 142500 -7.6186e-06
283 143000 -7.6186e-06
284 143500 -7.6186e-06
285 144000 -7.6186e-06
286 144500 -7.6186e-06
287 145000 -7.6186e-06
288 145500 -7.6186e-06
289 146000 -7.6186e-06
290 146500 -7.6186e-06
291 147000 -7.6186e-06
292 147500 -7.6186e-06
293 148000 -7.6186e-06
294 148500 -7.6186e-06
295 149000 -7.6186e-06
296 149500 -7.6186e-06
297 150000 -7.6186e-06
298 150500 -7.6186e-06
299 151000 -7.6186e-06
300 151500 -7.6186e-06
301 152000 -7.6186e-06
302 152500 -7.6186e-06
303 153000 -7.6186e-06
304 153500 -7.6186e-06
305 154000 -7.6186e-06
306 154500 -7.6186e-06
307 155000 -7.6186e-06
308 155500 -7.6186e-06
309 156000 -7.6186e-06
310 156500 -7.6186e-06
311 157000 -7.6186e-06
312 157500 -7.6186e-06
313 158000 -7.6186e-06
314 158500 -7.6186e-06
315 159000 -7.6186e-06
316 159500 -7.6186e-06
317 160000 -7.6186e-06
318 160500 -7.6186e-06
319 161000 -7.6186e-06
320 161500 -7.6186e-06
321 162000 -7.6186e-06
322 162500 -7.6186e-06
323 163000 -7.6186e-06
324 163500 -7.6186e-06
325 164000 -7.6186e-06
326 164500 -7.6186e-06
327 165000 -7.6186e-06
328 165500 -7.6186e-06
329 166000 -7.6186e-06
330 166500 -6.3501e-06
331 167000 -6.3501e-06
332 167500 -6.3501e-06
333 168000 -6.3501e-06
334 168500 -6.3501e-06
335 169000 -6.3501e-06
336 169500 -6.3501e-06
337 170000 -6.3501e-06
338 170500 -6.3501e-06
339 171000 -6.3501e-06
340 171500 -6.3501e-06
341 172000 -6.3501e-06
342 172500 -6.3501e-06
343 173000 -6.3501e-06
344 173500 -6.3501e-06
345 174000 -6.3501e-06
346 174500 -6.3501e-06
347 175000 -6.3501e-06
348 175500 -6.3501e-06
349 176000 -6.3501e-06
350 176500 -6.3501e-06
351 177000 -6.3501e-06
352 177500 -6.3501e-06
353 178000 -6.3501e-06
354 178500 -6.3501e-06
355 179000 -6.3501e-06
356 179500 -6.3501e-06
357 180000 -6.3501e-06
358 180500 -6.3501e-06
359 181000 -6.3501e-06
360 181500 -6.3501e-06
361 182000 -6.3501e-06
362 182500 -6.3501e-06
363 183000 -6.3501e-06
364 183500 -6.3501e-06
365 184000 -6.3501e-06
366 184500 -6.3501e-06
367 185000 -6.3501e-06
368 185500 -6.3501e-06
369 186000 -6.3501e-06
370 186500 -6.3501e-06
371 187000 -6.3501e-06
372 187500 -6.3501e-06
373 188000 -6.3501e-06
374 188500 -6.3501e-06
375 189000 -6.3501e-06
376 189500 -6.3501e-06
377 190000 -6.3501e-06
378 190500 -6.3501e-06
379 191000 -6.3501e-06
380 191500 -6.3501e-06
381 192000 -6.3501e-06
382 192500 -6.3501e-06
383 193000 -6.3501e-06
384 193500 -6.3501e-06
385 194000 -6.3501e-06
386 194500 -6.3501e-06
387 195000 -6.3501e-06
388 195500 -6.3501e-06
389 196000 -6.3501e-06
390 196500 -6.3501e-06
391 197000 -6.3501e-06
392 197500 -6.3501e-06
393 198000 -6.3501e-06
394 198500 -6.3501e-06
395 199000 -6.3501e-06
396 199500 -6.3501e-06
397 200000 -6.3501e-06
398 200500 -6.3501e-06
399 201000 -6.3501e-06
400 201500 -6.3501e-06
401 202000 -6.3501e-06
402 202500 -6.3501e-06
403 203000 -6.3501e-06
404 203500 -6.3501e-06
405 204000 -6.3501e-06
406 204500 -6.3501e-06
407 205000 -6.3501e-06
408 205500 -6.3501e-06
409 206000 -6.3501e-06
410 206500 -6.3501e-06
411 207000 -6.3501e-06
412 207500 -6.3501e-06
413 208000 -6.3501e-06
414 208500 -6.3501e-06
415 209000 -6.3501e-06
416 209500 -6.3501e-06
417 210000 -6.3501e-06
418 210500 -6.3501e-06
419 211000 -6.3501e-06
420 211500 -6.3501e-06
421 212000 -6.3501e-06
422 212500 -6.3501e-06
423 213000 -6.3501e-06
424 213500 -6.3501e-06
425 214000 -6.3501e-06
426 214500 -6.3501e-06
427 215000 -6.3501e-06
428 215500 -6.3501e-06
429 216000 -6.3501e-06
430 216500 -6.3501e-06
431 217000 -6.3501e-06
432 217500 -6.3501e-06
433 218000 -6.3501e-06
434 218500 -6.3501e-06
435 219000 -6.3501e-06
436 219500 -6.3501e-06
437 220000 -6.3501e-06
438 220500 -6.3501e-06
439 221000 -6.3501e-06
440 221500 -6.3501e-06
441 222000 -6.3501e-06
442 222500 -1.21119e-06
443 223000 -1.21119e-06
444 223500 -1.21119e-06
445 224000 -1.21119e-06
446 224500 -1.21119e-06
447 225000 -1.21119e-06
448 225500 -1.21119e-06
449 226000 -1.21119e-06
450 226500 -1.21119e-06
451 227000 -1.21119e-06
452 227500 -1.21119e-06
453 228000 -1.21119e-06
454 228500 -1.21119e-06
455 229000 -1.21119e-06
456 229500 -1.21119e-06
457 230000 -1.21119e-06
458 230500 -1.21119e-06
459 231000 -1.21119e-06
460 231500 -1.21119e-06
461 232000 -1.21119e-06
462 232500 -1.21119e-06
463 233000 -1.21119e-06
464 233500 -1.21119e-06
465 234000 -1.21119e-06
466 234500 -1.21119e-06
467 235000 -1.21119e-06
468 235500 -1.21119e-06
469 236000 -1.21119e-06
470 236500 -1.21119e-06
471 237000 -1.21119e-06
472 237500 -1.21119e-06
473 238000 -1.21119e-06
474 238500 -1.21119e-06
475 239000 -1.21119e-06
476 239500 -1.21119e-06
477 240000 -1.21119e-06
478 240500 -1.21119e-06
479 241000 -1.21119e-06
480 241500 -1.21119e-06
481 242000 -1.21119e-06
482 242500 -1.21119e-06
483 243000 -1.21119e-06
484 243500 -1.21119e-06
485 244000 -1.21119e-06
486 244500 -1.21119e-06
487 245000 -1.21119e-06
488 245500 -1.21119e-06
489 246000 -1.21119e-06
490 246500 -1.21119e-06
491 247000 -1.21119e-06
492 247500 -1.21119e-06
493 248000 -1.21119e-06
494 248500 -1.21119e-06
495 249000 -1.21119e-06
496 249500 -1.21119e-06
497 250000 -1.21119e-06
498 250500 -1.21119e-06
499 251000 -1.21119e-06
500 251500 -1.21119e-06
501 252000 -1.21119e-06
502 252500 -1.21119e-06
503 253000 -1.21119e-06
504 253500 -1.21119e-06
505 254000 -1.21119e-06
506 254500 -1.21119e-06
507 255000 -1.21119e-06
508 255500 -1.21119e-06
509 256000 -1.21119e-06
510 256500 -1.21119e-06
511 257000 -1.21119e-06
512 257500 -1.21119e-06
513 258000 -1.21119e-06
514 258500 -1.21119e-06
515 259000 -1.21119e-06
516 259500 -1.21119e-06
517 260000 -1.21119e-06
518 260500 -1.21119e-06
519 261000 -1.21119e-06
520 261500 -1.21119e-06
521 262000 -1.21119e-06
522 262500 -1.21119e-06
523 263000 -1.21119e-06
524 263500 -1.21119e-06
525 264000 -1.21119e-06
526 264500 -1.21119e-06
527 265000 -1.21119e-06
528 265500 -1.21119e-06
529 266000 -1.21119e-06
530 266500 -1.21119e-06
531 267000 -1.21119e-06
532 267500 -1.21119e-06
533 268000 -1.21119e-06
534 268500 -1.21119e-06
535 269000 -1.21119e-06
536 269500 -1.21119e-06
537 270000 -1.21119e-06
538 270500 -1.21119e-06
539 271000 -1.21119e-06
540 271500 -1.21119e-06
541 272000 -1.21119e-06
542 272500 -1.21119e-06
543 273000 -1.21119e-06
544 273500 -1.21119e-06
545 274000 -1.21119e-06
546 274500 -1.21119e-06
547 275000 -1.21119e-06
548 275500 -1.21119e-06
549 276000 -1.21119e-06
550 276500 -1.21119e-06
551 277000 -1.21119e-06
552 277500 -1.21119e-06
553 278000 -1.21119e-06
554 278500 -1.21119e-06
555 279000 -1.21119e-06
556 279500 -1.21119e-06
557 280000 -1.21119e-06
558 280500 -1.21119e-06
559 281000 -1.21119e-06
560 281500 -1.21119e-06
561 282000 -1.21119e-06
562 282500 -1.21119e-06
563 283000 -1.21119e-06
564 283500 -1.21119e-06
565 284000 -1.21119e-06
566 284500 -1.21119e-06
567 285000 -1.21119e-06
568 285500 -1.21119e-06
569 286000 -1.21119e-06
570 286500 -1.21119e-06
571 287000 -1.21119e-06
572 287500 -1.21119e-06
573 288000 -1.21119e-06
574 288500 -1.21119e-06
575 289000 -1.21119e-06
576 289500 -1.21119e-06
577 290000 -1.21119e-06
578 290500 -1.21119e-06
579 291000 -1.21119e-06
580 291500 -1.21119e-06
581 292000 -1.21119e-06
582 292500 -1.21119e-06
583 293000 -1.21119e-06
584 293500 -1.21119e-06
585 294000 -1.21119e-06
586 294500 -1.21119e-06
587 295000 -1.21119e-06
588 295500 -1.21119e-06
589 296000 -1.21119e-06
590 296500 -1.21119e-06
591 297000 -1.21119e-06
592 297500 -1.21119e-06
593 298000 -1.21119e-06
594 298500 -1.21119e-06
595 299000 -1.21119e-06
596 299500 -1.21119e-06
597 300000 -1.21119e-06
598 300500 -1.21119e-06
599 301000 -1.21119e-06
600 301500 -1.21119e-06
601 302000 -1.21119e-06
602 302500 -1.21119e-06
603 303000 -1.21119e-06
604 303500 -1.21119e-06
605 304000 -1.21119e-06
606 304500 -1.21119e-06
607 305000 -1.21119e-06
608 305500 -1.21119e-06
609 306000 -1.21119e-06
610 306500 -1.21119e-06
611 307000 -1.21119e-06
612 307500 -1.21119e-06
613 308000 -1.21119e-06
614 308500 -1.21119e-06
615 309000 -1.21119e-06
616 309500 -1.21119e-06
617 310000 -1.21119e-06
618 310500 -1.21119e-06
619 311000 -1.21119e-06
620 311500 -1.21119e-06
621 312000 -1.21119e-06
622 312500 -1.21119e-06
623 313000 -1.21119e-06
624 313500 -1.21119e-06
625 314000 -1.21119e-06
626 314500 -1.21119e-06
627 315000 -1.21119e-06
628 315500 -1.21119e-06
629 316000 -1.21119e-06
630 316500 -1.21119e-06
631 317000 -1.21119e-06
632 317500 -1.21119e-06
633 318000 -1.21119e-06
634 318500 -1.21119e-06
635 319000 -1.21119e-06
636 319500 -1.21119e-06
637 320000 -1.21119e-06
638 320500 -1.21119e-06
639 321000 -1.21119e-06
640 321500 -1.21119e-06
641 322000 -1.21119e-06
642 322500 -1.21119e-06
643 323000 -1.21119e-06
644 323500 -1.21119e-06
645 324000 -1.21119e-06
646 324500 -1.21119e-06
647 325000 -1.21119e-06
648 325500 -1.21119e-06
649 326000 -1.21119e-06
650 326500 -1.21119e-06
651 327000 -1.21119e-06
652 327500 -1.21119e-06
653 328000 -1.21119e-06
654 328500 -1.21119e-06
655 329000 -1.21119e-06
656 329500 -1.21119e-06
657 330000 -1.21119e-06
658 330500 -1.21119e-06
659 331000 -1.21119e-06
660 331500 -1.21119e-06
661 332000 -1.21119e-06
662 332500 -1.21119e-06
663 333000 -1.21119e-06
664 333500 -1.21119e-06
665 334000 -1.21119e-06
666 334500 -1.21119e-06
667 335000 -1.21119e-06
668 335500 -1.21119e-06
669 336000 -1.21119e-06
670 336500 -1.21119e-06
671 337000 -1.21119e-06
672 337500 -1.21119e-06
673 338000 -1.21119e-06
674 338500 -1.21119e-06
675 339000 -1.21119e-06
676 339500 -1.21119e-06
677 340000 -1.21119e-06
678 340500 -1.21119e-06
679 341000 -1.21119e-06
680 341500 -1.21119e-06
681 342000 -1.21119e-06
682 342500 -1.21119e-06
683 343000 -1.21119e-06
684 343500 -1.21119e-06
685 344000 -1.21119e-06
686 344500 -1.21119e-06
687 345000 -1.21119e-06
688 345500 -1.21119e-06
689 346000 -1.21119e-06
690 346500 -1.21119e-06
691 347000 -1.21119e-06
692 347500 -1.21119e-06
693 348000 -1.21119e-06
694 348500 -1.21119e-06
695 349000 -1.21119e-06
696 349500 -1.21119e-06
697 350000 -1.21119e-06
698 350500 -1.21119e-06
699 351000 -1.21119e-06
700 351500 -1.21119e-06
701 352000 -1.21119e-06
702 352500 -1.21119e-06
703 353000 -1.21119e-06
704 353500 -1.21119e-06
705 354000 -1.21119e-06
706 354500 -1.21119e-06
707 355000 -1.21119e-06
708 355500 -1.21119e-06
709 356000 -1.21119e-06
710 356500 -1.21119e-06
711 357000 -1.21119e-06
712 357500 -1.21119e-06
713 358000 -1.21119e-06
714 358500 -1.21119e-06
715 359000 -1.21119e-06
716 359500 -1.21119e-06
717 360000 -1.21119e-06
718 360500 -1.21119e-06
719 361000 -1.21119e-06
720 361500 -1.21119e-06
721 362000 -1.21119e-06
722 362500 -1.21119e-06
723 363000 -1.21119e-06
724 363500 -1.21119e-06
725 364000 -1.21119e-06
726 364500 -1.21119e-06
727 365000 -1.21119e-06
728 365500 -1.21119e-06
729 366000 -1.21119e-06
730 366500 -1.21119e-06
731 367000 -1.21119e-06
732 367500 -1.21119e-06
733 368000 -1.21119e-06
734 368500 -1.21119e-06
735 369000 -1.21119e-06
736 369500 -1.21119e-06
737 370000 -1.21119e-06
738 370500 -1.21119e-06
739 371000 -1.21119e-06
740 371500 -1.21119e-06
741 372000 -1.21119e-06
742 372500 -1.21119e-06
743 373000 -1.21119e-06
744 373500 -1.21119e-06
745 374000 -1.21119e-06
746 374500 -1.21119e-06
747 375000 -1.21119e-06
748 375500 -1.21119e-06
749 376000 -1.21119e-06
750 376500 -1.21119e-06
751 377000 -1.21119e-06
752 377500 -1.21119e-06
753 378000 -1.21119e-06
754 378500 -1.21119e-06
755 379000 -1.21119e-06
756 379500 -1.21119e-06
757 380000 -1.21119e-06
758 380500 -1.21119e-06
759 381000 -1.21119e-06
760 381500 -1.21119e-06
761 382000 -1.21119e-06
762 382500 -1.21119e-06
763 383000 -1.21119e-06
764 383500 -1.21119e-06
765 384000 -1.21119e-06
766 384500 -1.21119e-06
767 385000 -1.21119e-06
768 385500 -1.21119e-06
769 386000 -1.21119e-06
770 386500 -1.21119e-06
771 387000 -1.21119e-06
772 387500 -1.21119e-06
773 388000 -1.21119e-06
774 388500 -1.21119e-06
775 389000 -1.21119e-06
776 389500 -1.21119e-06
777 390000 -1.21119e-06
778 390500 -1.21119e-06
779 391000 -1.21119e-06
780 391500 -1.21119e-06
781 392000 -1.21119e-06
782 392500 -1.21119e-06
783 393000 -1.21119e-06
784 393500 -1.21119e-06
785 394000 -1.21119e-06
786 394500 -1.21119e-06
787 395000 -1.21119e-06
788 395500 -1.21119e-06
789 396000 -1.21119e-06
790 396500 -1.21119e-06
791 397000 -1.21119e-06
792 397500 -1.21119e-06
793 398000 -1.21119e-06
794 398500 -1.21119e-06
795 399000 -1.21119e-06
796 399500 -1.21119e-06
797 400000 -1.21119e-06
798 400500 -1.21119e-06
799 401000 -1.21119e-06
800 401500 -1.21119e-06
801 402000 -1.21119e-06
802 402500 -1.21119e-06
803 403000 -1.21119e-06
804 403500 -1.21119e-06
805 404000 -1.21119e-06
806 404500 -1.21119e-06
807 405000 -1.21119e-06
808 405500 -1.21119e-06
809 406000 -1.21119e-06
810 406500 -1.21119e-06
811 407000 -1.21119e-06
812 407500 -1.21119e-06
813 408000 -1.21119e-06
814 408500 -1.21119e-06
815 409000 -1.21119e-06
816 409500 -1.21119e-06
817 410000 -1.21119e-06
818 410500 -1.21119e-06
819 411000 -1.21119e-06
820 411500 -1.21119e-06
821 412000 -1.21119e-06
822 412500 -1.21119e-06
823 413000 -1.21119e-06
824 413500 -1.21119e-06
825 414000 -1.21119e-06
826 414500 -1.21119e-06
827 415000 -1.21119e-06
828 415500 -1.21119e-06
829 416000 -1.21119e-06
830 416500 -1.21119e-06
831 417000 -1.21119e-06
832 417500 -1.21119e-06
833 418000 -1.21119e-06
834 418500 -1.21119e-06
835 419000 -1.21119e-06
836 419500 -1.21119e-06
837 420000 -1.21119e-06
838 420500 -1.21119e-06
839 421000 -1.21119e-06
840 421500 -1.21119e-06
841 422000 -1.21119e-06
842 422500 -1.21119e-06
843 423000 -1.21119e-06
844 423500 -1.21119e-06
845 424000 -1.21119e-06
846 424500 -1.21119e-06
847 425000 -1.21119e-06
848 425500 -1.21119e-06
849 426000 -1.21119e-06
850 426500 -1.21119e-06
851 427000 -1.21119e-06
852 427500 -1.21119e-06
853 428000 -1.21119e-06
854 428500 -1.21119e-06
855 429000 -1.21119e-06
856 429500 -1.21119e-06
857 430000 -1.21119e-06
858 430500 -1.21119e-06
859 431000 -1.21119e-06
860 431500 -1.21119e-06
861 432000 -1.21119e-06
862 432500 -1.21119e-06
863 433000 -1.21119e-06
864 433500 -1.21119e-06
865 434000 -1.21119e-06
866 434500 -1.21119e-06
867 435000 -1.21119e-06
868 435500 -1.21119e-06
869 436000 -1.21119e-06
870 436500 -1.21119e-06
871 437000 -1.21119e-06
872 437500 -1.21119e-06
873 438000 -1.21119e-06
874 438500 -1.21119e-06
875 439000 -1.21119e-06
876 439500 -1.21119e-06
877 440000 -1.21119e-06
878 440500 -1.21119e-06
879 441000 -1.21119e-06
880 441500 -1.21119e-06
881 442000 -1.21119e-06
882 442500 -1.21119e-06
883 443000 -1.21119e-06
884 443500 -1.21119e-06
885 444000 -1.21119e-06
886 444500 -1.21119e-06
887 445000 -1.21119e-06
888 445500 -1.21119e-06
889 446000 -1.21119e-06
890 446500 -1.21119e-06
891 447000 -1.21119e-06
892 447500 -1.21119e-06
893 448000 -1.21119e-06
894 448500 -1.21119e-06
895 449000 -1.21119e-06
896 449500 -1.21119e-06
897 450000 -1.21119e-06
898 450500 -1.21119e-06
899 451000 -1.21119e-06
900 451500 -1.21119e-06
901 452000 -1.21119e-06
902 452500 -1.21119e-06
903 453000 -1.21119e-06
904 453500 -1.21119e-06
905 454000 -1.21119e-06
906 454500 -1.21119e-06
907 455000 -1.21119e-06
908 455500 -1.21119e-06
909 456000 -1.21119e-06
910 456500 -1.21119e-06
911 457000 -1.21119e-06
912 457500 -1.21119e-06
913 458000 -1.21119e-06
914 458500 -1.21119e-06
915 459000 -1.21119e-06
916 459500 -1.21119e-06
917 460000 -1.21119e-06
918 460500 -1.21119e-06
919 461000 -1.21119e-06
920 461500 -1.21119e-06
921 462000 -1.21119e-06
922 462500 -1.21119e-06
923 463000 -1.21119e-06
924 463500 -1.21119e-06
925 464000 -1.21119e-06
926 464500 -1.21119e-06
927 465000 -1.21119e-06
928 465500 -1.21119e-06
929 466000 -1.21119e-06
930 466500 -1.21119e-06
931 467000 -1.21119e-06
932 467500 -1.21119e-06
933 468000 -1.21119e-06
934 468500 -1.21119e-06
935 469000 -1.21119e-06
936 469500 -1.21119e-06
937 470000 -1.21119e-06
938 470500 -1.21119e-06
939 471000 -1.21119e-06
940 471500 -1.21119e-06
941 472000 -1.21119e-06
942 472500 -1.21119e-06
943 473000 -1.21119e-06
944 473500 -1.21119e-06
945 474000 -1.21119e-06
946 474500 -1.21119e-06
947 475000 -1.21119e-06
948 475500 -1.21119e-06
949 476000 -1.21119e-06
950 476500 -1.21119e-06
951 477000 -1.21119e-06
952 477500 -1.21119e-06
953 478000 -1.21119e-06
954 478500 -1.21119e-06
955 479000 -1.21119e-06
956 479500 -1.21119e-06
957 480000 -1.21119e-06
958 480500 -1.21119e-06
959 481000 -1.21119e-06
960 481500 -1.21119e-06
961 482000 -1.21119e-06
962 482500 -1.21119e-06
963 483000 -1.21119e-06
964 483500 -1.21119e-06
965 484000 -1.21119e-06
966 484500 -1.21119e-06
967 485000 -1.21119e-06
968 485500 -1.21119e-06
969 486000 -1.21119e-06
970 486500 -1.21119e-06
971 487000 -1.21119e-06
972 487500 -1.21119e-06
973 488000 -1.21119e-06
974 488500 -1.21119e-06
975 489000 -1.21119e-06
976 489500 -1.21119e-06
977 490000 -1.21119e-06
978 490500 -1.21119e-06
979 491000 -1.21119e-06
980 491500 -1.21119e-06
981 492000 -1.21119e-06
982 492500 -1.21119e-06
983 493000 -1.21119e-06
984 493500 -1.21119e-06
985 494000 -1.21119e-06
986 494500 -1.21119e-06
987 495000 -1.21119e-06
988 495500 -1.21119e-06
989 496000 -1.21119e-06
990 496500 -1.21119e-06
991 497000 -1.21119e-06
992 497500 -1.21119e-06
993 498000 -1.21119e-06
994 498500 -1.21119e-06
995 499000 -1.21119e-06
996 499500 -1.21119e-06
997 500000 -1.21119e-06
998 500500 -1.21119e-06
999 501000 -1.21119e-06
1000 501500 -1.21119e-06
1001 502000 -1.21119e-06
1002 502500 -1.21119e-06
1003 503000 -1.21119e-06
1004 503500 -1.21119e-06
1005 504000 -1.21119e-06
1006 504500 -1.21119e-06
1007 505000 -1.21119e-06
1008 505500 -1.21119e-06
1009 506000 -1.21119e-06
1010 506500 -1.21119e-06
1011 507000 -1.21119e-06
1012 507500 -1.21119e-06
1013 508000 -1.21119e-06
1014 508500 -1.21119e-06
1015 509000 -1.21119e-06
1016 509500 -1.21119e-06
1017 510000 -1.21119e-06
1018 510500 -1.21119e-06
1019 511000 -1.21119e-06
1020 511500 -1.21119e-06
1021 512000 -1.21119e-06
1022 512500 -1.21119e-06
1023 513000 -1.21119e-06
1024 513500 -1.21119e-06
1025 514000 -1.21119e-06
1026 514500 -1.21119e-06
1027 515000 -1.21119e-06
1028 515500 -1.21119e-06
1029 516000 -1.21119e-06
1030 516500 -1.21119e-06
1031 517000 -1.21119e-06
1032 517500 -1.21119e-06
1033 518000 -1.21119e-06
1034 518500 -1.21119e-06
1035 519000 -1.21119e-06
1036 519500 -1.21119e-06
1037 520000 -1.21119e-06
1038 520500 -1.21119e-06
1039 521000 -1.21119e-06
1040 521500 -1.21119e-06
1041 522000 -1.21119e-06
1042 522500 -1.21119e-06
1043 523000 -3.19503e-07
1044 523500 -3.19503e-07
1045 524000 -3.19503e-07
1046 524500 -3.19503e-07
1047 525000 -3.19503e-07
1048 525500 -3.19503e-07
1049 526000 -3.19503e-07
1050 526500 -3.19503e-07
1051 527000 -3.19503e-07
1052 527500 -3.19503e-07
1053 528000 -3.19503e-07
1054 528500 -3.19503e-07
1055 529000 -3.19503e-07
1056 529500 -3.19503e-07
1057 530000 -3.19503e-07
1058 530500 -3.19503e-07
1059 531000 -3.19503e-07
1060 531500 -3.19503e-07
1061 532000 -3.19503e-07
1062 532500 -3.19503e-07
1063 533000 -3.19503e-07
1064 533500 -3.19503e-07
1065 534000 -3.19503e-07
1066 534500 -3.19503e-07
1067 535000 -3.19503e-07
1068 535500 -3.19503e-07
1069 536000 -3.19503e-07
1070 536500 -3.19503e-07
1071 537000 -3.19503e-07
1072 537500 -3.19503e-07
1073 538000 -3.19503e-07
1074 538500 -3.19503e-07
1075 539000 -3.19503e-07
1076 539500 -3.19503e-07
1077 540000 -3.19503e-07
1078 540500 -3.19503e-07
1079 541000 -3.19503e-07
1080 541500 -3.19503e-07
1081 542000 -3.19503e-07
1082 542500 -3.19503e-07
1083 543000 -3.19503e-07
1084 543500 -3.19503e-07
1085 544000 -3.19503e-07
1086 544500 -3.19503e-07
1087 545000 -3.19503e-07
1088 545500 -3.19503e-07
1089 546000 -3.19503e-07
1090 546500 -3.19503e-07
1091 547000 -3.19503e-07
1092 547500 -3.19503e-07
1093 548000 -3.19503e-07
1094 548500 -3.19503e-07
1095 549000 -3.19503e-07
1096 549500 -3.19503e-07
1097 550000 -3.19503e-07
1098 550500 -3.19503e-07
1099 551000 -3.19503e-07
1100 551500 -3.19503e-07
1101 552000 -3.19503e-07
1102 552500 -3.19503e-07
1103 553000 -3.19503e-07
1104 553500 -3.19503e-07
1105 554000 -3.19503e-07
1106 554500 -3.19503e-07
1107 555000 -3.19503e-07
1108 555500 -3.19503e-07
1109 556000 -3.19503e-07
1110 556500 -3.19503e-07
1111 557000 -3.19503e-07
1112 557500 -3.19503e-07
1113 558000 -3.19503e-07
1114 558500 -3.19503e-07
1115 559000 -3.19503e-07
1116 559500 -3.19503e-07
1117 560000 -3.19503e-07
1118 560500 -3.19503e-07
1119 561000 -3.19503e-07
1120 561500 -3.19503e-07
1121 562000 -3.19503e-07
1122 562500 -3.19503e-07
1123 563000 -3.19503e-07
1124 563500 -3.19503e-07
1125 564000 -3.19503e-07
1126 564500 -3.19503e-07
1127 565000 -3.19503e-07
1128 565500 -3.19503e-07
1129 566000 -3.19503e-07
1130 566500 -3.19503e-07
1131 567000 -3.19503e-07
1132 567500 -3.19503e-07
1133 568000 -3.19503e-07
1134 568500 -3.19503e-07
1135 569000 -3.19503e-07
1136 569500 -3.19503e-07
1137 570000 -3.19503e-07
1138 570500 -3.19503e-07
1139 571000 -3.19503e-07
1140 571500 -3.19503e-07
1141 572000 -3.19503e-07
1142 572500 -3.19503e-07
1143 573000 -3.19503e-07
1144 573500 -3.19503e-07
1145 574000 -3.19503e-07
1146 574500 -3.19503e-07
1147 575000 -3.19503e-07
1148 575500 -3.19503e-07
1149 576000 -3.19503e-07
1150 576500 -3.19503e-07
1151 577000 -3.19503e-07
1152 577500 -3.19503e-07
1153 578000 -3.19503e-07
1154 578500 -3.19503e-07
1155 579000 -3.19503e-07
1156 579500 -3.19503e-07
1157 580000 -3.19503e-07
1158 580500 -3.19503e-07
1159 581000 -3.19503e-07
1160 581500 -3.19503e-07
1161 582000 -3.19503e-07
1162 582500 -3.19503e-07
1163 583000 -3.19503e-07
1164 583500 -3.19503e-07
1165 584000 -3.19503e-07
1166 584500 -3.19503e-07
1167 585000 -3.19503e-07
1168 585500 -3.19503e-07
1169 586000 -3.19503e-07
1170 586500 -3.19503e-07
1171 587000 -3.19503e-07
1172 587500 -3.19503e-07
1173 588000 -3.19503e-07
1174 588500 -3.19503e-07
1175 589000 -3.19503e-07
1176 589500 -3.19503e-07
1177 590000 -3.19503e-07
1178 590500 -3.19503e-07
1179 591000 -3.19503e-07
1180 591500 -3.19503e-07
1181 592000 -3.19503e-07
1182 592500 -3.19503e-07
1183 593000 -3.19503e-07
1184 593500 -3.19503e-07
1185 594000 -3.19503e-07
1186 594500 -3.19503e-07
1187 595000 -3.19503e-07
1188 595500 -3.19503e-07
1189 596000 -3.19503e-07
1190 596500 -3.19503e-07
1191 597000 -3.19503e-07
1192 597500 -3.19503e-07
1193 598000 -3.19503e-07
1194 598500 -3.19503e-07
1195 599000 -3.19503e-07
1196 599500 -3.19503e-07
1197 600000 -3.19503e-07
1198 600500 -3.19503e-07
1199 601000 -3.19503e-07
1200 601500 -3.19503e-07
1201 602000 -3.19503e-07
1202 602500 -3.19503e-07
1203 603000 -3.19503e-07
1204 603500 -3.19503e-07
1205 604000 -3.19503e-07
1206 604500 -3.19503e-07
1207 605000 -3.19503e-07
1208 605500 -3.19503e-07
1209 606000 -3.19503e-07
1210 606500 -3.19503e-07
1211 607000 -3.19503e-07
1212 607500 -3.19503e-07
1213 608000 -3.19503e-07
1214 608500 -3.19503e-07
1215 609000 -3.19503e-07
1216 609500 -3.19503e-07
1217 610000 -3.19503e-07
1218 610500 -3.19503e-07
1219 611000 -3.19503e-07
1220 611500 -3.19503e-07
1221 612000 -3.19503e-07
1222 612500 -3.19503e-07
1223 613000 -3.19503e-07
1224 613500 -3.19503e-07
1225 614000 -3.19503e-07
1226 614500 -3.19503e-07
1227 615000 -3.19503e-07
1228 615500 -3.19503e-07
1229 616000 -3.19503e-07
1230 616500 -3.19503e-07
1231 617000 -3.19503e-07
1232 617500 -3.19503e-07
1233 618000 -3.19503e-07
1234 618500 -3.19503e-07
1235 619000 -3.19503e-07
1236 619500 -3.19503e-07
1237 620000 -3.19503e-07
1238 620500 -3.19503e-07
1239 621000 -3.19503e-07
1240 621500 -3.19503e-07
1241 622000 -3.19503e-07
1242 622500 -3.19503e-07
1243 623000 -3.19503e-07
1244 623500 -3.19503e-07
1245 624000 -3.19503e-07
1246 624500 -3.19503e-07
1247 625000 -3.19503e-07
1248 625500 -3.19503e-07
1249 626000 -3.19503e-07
1250 626500 -3.19503e-07
1251 627000 -3.19503e-07
1252 627500 -3.19503e-07
1253 628000 -3.19503e-07
1254 628500 -3.19503e-07
1255 629000 -3.19503e-07
1256 629500 -3.19503e-07
1257 630000 -3.19503e-07
1258 630500 -3.19503e-07
1259 631000 -3.19503e-07
1260 631500 -3.19503e-07
1261 632000 -3.19503e-07
1262 632500 -3.19503e-07
1263 633000 -3.19503e-07
1264 633500 -3.19503e-07
1265 634000 -3.19503e-07
1266 634500 -3.19503e-07
1267 635000 -3.19503e-07
1268 635500 -3.19503e-07
1269 636000 -3.19503e-07
1270 636500 -3.19503e-07
1271 637000 -3.19503e-07
1272 637500 -3.19503e-07
1273 638000 -3.19503e-07
1274 638500 -3.19503e-07
1275 639000 -3.19503e-07
1276 639500 -3.19503e-07
1277 640000 -3.19503e-07
1278 640500 -3.19503e-07
1279 641000 -3.19503e-07
1280 641500 -3.19503e-07
1281 642000 -3.19503e-07
1282 642500 -3.19503e-07
1283 643000 -3.19503e-07
1284 643500 -3.19503e-07
1285 644000 -3.19503e-07
1286 644500 -3.19503e-07
1287 645000 -3.19503e-07
1288 645500 -3.19503e-07
1289 646000 -3.19503e-07
1290 646500 -3.19503e-07
1291 647000 -3.19503e-07
1292 647500 -3.19503e-07
1293 648000 -3.19503e-07
1294 648500 -3.19503e-07
1295 649000 -3.19503e-07
1296 649500 -3.19503e-07
1297 650000 -3.19503e-07
1298 650500 -3.19503e-07
1299 651000 -3.19503e-07
1300 651500 -3.19503e-07
1301 652000 -3.19503e-07
1302 652500 -3.19503e-07
1303 653000 -3.19503e-07
1304 653500 -3.19503e-07
1305 654000 -3.19503e-07
1306 654500 -3.19503e-07
1307 655000 -3.19503e-07
1308 655500 -3.19503e-07
1309 656000 -3.19503e-07
1310 656500 -3.19503e-07
1311 657000 -3.19503e-07
1312 657500 -3.19503e-07
1313 658000 -3.19503e-07
1314 658500 -3.19503e-07
1315 659000 -3.19503e-07
1316 659500 -3.19503e-07
1317 660000 -3.19503e-07
1318 660500 -3.19503e-07
1319 661000 -3.19503e-07
1320 661500 -3.19503e-07
1321 662000 -3.19503e-07
1322 662500 -3.19503e-07
1323 663000 -3.19503e-07
1324 663500 -3.19503e-07
1325 664000 -3.19503e-07
1326 664500 -3.19503e-07
1327 665000 -3.19503e-07
1328 665500 -3.19503e-07
1329 666000 -3.19503e-07
1330 666500 -3.19503e-07
1331 667000 -3.19503e-07
1332 667500 -3.19503e-07
1333 668000 -3.19503e-07
1334 668500 -3.19503e-07
1335 669000 -3.19503e-07
1336 669500 -3.19503e-07
1337 670000 -3.19503e-07
1338 670500 -3.19503e-07
1339 671000 -3.19503e-07
1340 671500 -1.31447e-07
1341 672000 -1.31447e-07
1342 672500 -1.31447e-07
1343 673000 -1.31447e-07
1344 673500 -1.31447e-07
1345 674000 -1.31447e-07
1346 674500 -1.31447e-07
1347 675000 -1.31447e-07
1348 675500 -1.31447e-07
1349 676000 -1.31447e-07
1350 676500 -1.31447e-07
1351 677000 -1.31447e-07
1352 677500 -1.31447e-07
1353 678000 -1.31447e-07
1354 678500 -1.31447e-07
1355 679000 -1.31447e-07
1356 679500 -1.31447e-07
1357 680000 -1.31447e-07
1358 680500 -1.31447e-07
1359 681000 -1.31447e-07
1360 681500 -1.31447e-07
1361 682000 -1.31447e-07
1362 682500 -1.31447e-07
1363 683000 -1.31447e-07
1364 683500 -1.31447e-07
1365 684000 -1.31447e-07
1366 684500 -1.31447e-07
1367 685000 -1.31447e-07
1368 685500 -1.31447e-07
1369 686000 -1.31447e-07
1370 686500 -1.31447e-07
1371 687000 -1.31447e-07
1372 687500 -1.31447e-07
1373 688000 -1.31447e-07
1374 688500 -1.31447e-07
1375 689000 -1.31447e-07
1376 689500 -1.31447e-07
1377 690000 -1.31447e-07
1378 690500 -1.31447e-07
1379 691000 -1.31447e-07
1380 691500 -5.79365e-08
1381 692000 -5.79365e-08
1382 692500 -5.79365e-08
1383 693000 -5.79365e-08
1384 693500 -5.79365e-08
1385 694000 -5.79365e-08
1386 694500 -5.79365e-08
1387 695000 -5.79365e-08
1388 695500 -5.79365e-08
1389 696000 -5.79365e-08
1390 696500 -5.79365e-08
1391 697000 -5.79365e-08
1392 697500 -5.79365e-08
1393 698000 -5.79365e-08
1394 698500 -5.79365e-08
1395 699000 -5.79365e-08
1396 699500 -5.79365e-08
1397 700000 -5.79365e-08
1398 700500 -5.79365e-08
1399 701000 -5.79365e-08
1400 701500 -5.79365e-08
1401 702000 -5.79365e-08
1402 702500 -5.79365e-08
1403 703000 -5.79365e-08
1404 703500 -5.79365e-08
1405 704000 -5.79365e-08
1406 704500 -5.79365e-08
1407 705000 -5.79365e-08
1408 705500 -5.79365e-08
1409 706000 -5.79365e-08
1410 706500 -5.79365e-08
1411 707000 -5.79365e-08
1412 707500 -5.79365e-08
1413 708000 -5.79365e-08
1414 708500 -5.79365e-08
1415 709000 -5.79365e-08
1416 709500 -5.79365e-08
1417 710000 -5.79365e-08
1418 710500 -5.79365e-08
1419 711000 -5.79365e-08
1420 711500 -5.79365e-08
1421 712000 -5.79365e-08
1422 712500 -5.79365e-08
1423 713000 -5.79365e-08
1424 713500 -5.79365e-08
1425 714000 -5.79365e-08
1426 714500 -5.79365e-08
1427 715000 -5.79365e-08
1428 715500 -5.79365e-08
1429 716000 -5.79365e-08
1430 716500 -5.79365e-08
1431 717000 -5.79365e-08
1432 717500 -5.79365e-08
1433 718000 -5.79365e-08
1434 718500 -5.79365e-08
1435 719000 -5.79365e-08
1436 719500 -5.79365e-08
1437 720000 -5.79365e-08
1438 720500 -5.79365e-08
1439 721000 -5.79365e-08
1440 721500 -5.79365e-08
1441 722000 -5.79365e-08
1442 722500 -5.79365e-08
1443 723000 -5.79365e-08
1444 723500 -5.79365e-08
1445 724000 -5.79365e-08
1446 724500 -5.79365e-08
1447 725000 -5.79365e-08
1448 725500 -5.79365e-08
1449 726000 -5.79365e-08
1450 726500 -5.79365e-08
1451 727000 -5.79365e-08
1452 727500 -5.79365e-08
1453 728000 -5.79365e-08
1454 728500 -5.79365e-08
1455 729000 -5.79365e-08
1456 729500 -5.79365e-08
1457 730000 -5.79365e-08
1458 730500 -5.79365e-08
1459 731000 -5.79365e-08
1460 731500 -5.79365e-08
1461 732000 -5.79365e-08
1462 732500 -5.79365e-08
1463 733000 -5.79365e-08
1464 733500 -5.79365e-08
1465 734000 -5.79365e-08
1466 734500 -5.79365e-08
1467 735000 -5.79365e-08
1468 735500 -5.79365e-08
1469 736000 -5.79365e-08
1470 736500 -5.79365e-08
1471 737000 -5.79365e-08
1472 737500 -5.79365e-08
1473 738000 -5.79365e-08
1474 738500 -5.79365e-08
1475 739000 -5.79365e-08
1476 739500 -5.79365e-08
1477 740000 -5.79365e-08
1478 740500 -5.79365e-08
1479 741000 -5.79365e-08
1480 741500 -5.79365e-08
1481 742000 -5.79365e-08
1482 742500 -5.79365e-08
1483 743000 -5.79365e-08
1484 743500 -5.79365e-08
1485 744000 -5.79365e-08
1486 744500 -5.79365e-08
1487 745000 -5.79365e-08
1488 745500 -5.79365e-08
1489 746000 -5.79365e-08
1490 746500 -5.79365e-08
1491 747000 -5.79365e-08
1492 747500 -5.79365e-08
1493 748000 -5.79365e-08
1494 748500 -5.79365e-08
1495 749000 -5.79365e-08
1496 749500 -5.79365e-08
1497 750000 -5.79365e-08
1498 750500 -5.79365e-08
1499 751000 -5.79365e-08
1500 751500 -5.79365e-08
1501 752000 -5.79365e-08
1502 752500 -5.79365e-08
1503 753000 -5.79365e-08
1504 753500 -5.79365e-08
1505 754000 -5.79365e-08
1506 754500 -5.79365e-08
1507 755000 -5.79365e-08
1508 755500 -5.79365e-08
1509 756000 -5.79365e-08
1510 756500 -5.79365e-08
1511 757000 -5.79365e-08
1512 757500 -5.79365e-08
1513 758000 -5.79365e-08
1514 758500 -5.79365e-08
1515 759000 -5.79365e-08
1516 759500 -5.79365e-08
1517 760000 -5.79365e-08
1518 760500 -5.79365e-08
1519 761000 -5.79365e-08
1520 761500 -5.79365e-08
1521 762000 -5.79365e-08
1522 762500 -5.79365e-08
1523 763000 -5.79365e-08
1524 763500 -5.79365e-08
1525 764000 -5.79365e-08
1526 764500 -5.79365e-08
1527 765000 -5.79365e-08
1528 765500 -5.79365e-08
1529 766000 -5.79365e-08
1530 766500 -5.79365e-08
1531 767000 -5.79365e-08
1532 767500 -5.79365e-08
1533 768000 -5.79365e-08
1534 768500 -5.79365e-08
1535 769000 -5.79365e-08
1536 769500 -5.79365e-08
1537 770000 -5.79365e-08
1538 770500 -5.79365e-08
1539 771000 -5.79365e-08
1540 771500 -5.79365e-08
1541 772000 -5.79365e-08
1542 772500 -5.79365e-08
1543 773000 -5.79365e-08
1544 773500 -5.79365e-08
1545 774000 -5.79365e-08
1546 774500 -5.79365e-08
1547 775000 -5.79365e-08
1548 775500 -5.79365e-08
1549 776000 -5.79365e-08
1550 776500 -5.79365e-08
1551 777000 -5.79365e-08
1552 777500 -5.79365e-08
1553 778000 -5.79365e-08
1554 778500 -5.79365e-08
1555 779000 -5.79365e-08
1556 779500 -5.79365e-08
1557 780000 -5.79365e-08
1558 780500 -5.79365e-08
1559 781000 -5.79365e-08
1560 781500 -5.79365e-08
1561 782000 -5.79365e-08
1562 782500 -5.79365e-08
1563 783000 -5.79365e-08
1564 783500 -5.79365e-08
1565 784000 -5.79365e-08
1566 784500 -5.79365e-08
1567 785000 -5.79365e-08
1568 785500 -5.79365e-08
1569 786000 -5.79365e-08
1570 786500 -5.79365e-08
1571 787000 -5.79365e-08
1572 787500 -5.79365e-08
1573 788000 -5.79365e-08
1574 788500 -5.79365e-08
1575 789000 -5.79365e-08
1576 789500 -5.79365e-08
1577 790000 -5.79365e-08
1578 790500 -5.79365e-08
1579 791000 -5.79365e-08
1580 791500 -5.79365e-08
1581 792000 -5.79365e-08
1582 792500 -5.79365e-08
1583 793000 -5.79365e-08
1584 793500 -5.79365e-08
1585 794000 -5.79365e-08
1586 794500 -5.79365e-08
1587 795000 -5.79365e-08
1588 795500 -5.79365e-08
1589 796000 -5.79365e-08
1590 796500 -5.79365e-08
1591 797000 -5.79365e-08
1592 797500 -5.79365e-08
1593 798000 -5.79365e-08
1594 798500 -5.79365e-08
1595 799000 -5.79365e-08
1596 799500 -5.79365e-08
1597 800000 -5.79365e-08
1598 800500 -5.79365e-08
1599 801000 -5.79365e-08
1600 801500 -5.79365e-08
1601 802000 -5.79365e-08
1602 802500 -5.79365e-08
1603 803000 -5.79365e-08
1604 803500 -5.79365e-08
1605 804000 -5.79365e-08
1606 804500 -5.79365e-08
1607 805000 -5.79365e-08
1608 805500 -5.79365e-08
1609 806000 -5.79365e-08
1610 806500 -5.79365e-08
1611 807000 -5.79365e-08
1612 807500 -5.79365e-08
1613 808000 -5.79365e-08
1614 808500 -5.79365e-08
1615 809000 -5.79365e-08
1616 809500 -5.79365e-08
1617 810000 -5.79365e-08
1618 810500 -5.79365e-08
1619 811000 -5.79365e-08
1620 811500 -5.79365e-08
1621 812000 -5.79365e-08
1622 812500 -5.79365e-08
1623 813000 -5.79365e-08
1624 813500 -5.79365e-08
1625 814000 -5.79365e-08
1626 814500 -5.79365e-08
1627 815000 -5.79365e-08
1628 815500 -5.79365e-08
1629 816000 -5.79365e-08
1630 816500 -5.79365e-08
1631 817000 -5.79365e-08
1632 817500 -5.79365e-08
1633 818000 -5.79365e-08
1634 818500 -5.79365e-08
1635 819000 -5.79365e-08
1636 819500 -5.79365e-08
1637 820000 -5.79365e-08
1638 820500 -5.79365e-08
1639 821000 -5.79365e-08
1640 821500 -5.79365e-08
1641 822000 -5.79365e-08
1642 822500 -5.79365e-08
1643 823000 -5.79365e-08
1644 823500 -5.79365e-08
1645 824000 -5.79365e-08
1646 824500 -5.79365e-08
1647 825000 -5.79365e-08
1648 825500 -5.79365e-08
1649 826000 -5.79365e-08
1650 826500 -5.79365e-08
1651 827000 -5.79365e-08
1652 827500 -5.79365e-08
1653 828000 -5.79365e-08
1654 828500 -5.79365e-08
1655 829000 -5.79365e-08
1656 829500 -5.79365e-08
1657 830000 -5.79365e-08
1658 830500 -5.79365e-08
1659 831000 -5.79365e-08
1660 831500 -5.79365e-08
1661 832000 -5.79365e-08
1662 832500 -5.79365e-08
1663 833000 -5.79365e-08
1664 833500 -5.79365e-08
1665 834000 -5.79365e-08
1666 834500 -5.79365e-08
1667 835000 -5.79365e-08
1668 835500 -5.79365e-08
1669 836000 -5.79365e-08
1670 836500 -5.79365e-08
1671 837000 -5.79365e-08
1672 837500 -5.79365e-08
1673 838000 -5.79365e-08
1674 838500 -5.79365e-08
1675 839000 -5.79365e-08
1676 839500 -5.79365e-08
1677 840000 -5.79365e-08
1678 840500 -5.79365e-08
1679 841000 -5.79365e-08
1680 841500 -5.79365e-08
1681 842000 -5.79365e-08
1682 842500 -5.79365e-08
1683 843000 -5.79365e-08
1684 843500 -5.79365e-08
1685 844000 -5.79365e-08
1686 844500 -5.79365e-08
1687 845000 -5.79365e-08
1688 845500 -5.79365e-08
1689 846000 -5.79365e-08
1690 846500 -5.79365e-08
1691 847000 -5.79365e-08
1692 847500 -5.79365e-08
1693 848000 -5.79365e-08
1694 848500 -5.79365e-08
1695 849000 -5.79365e-08
1696 849500 -5.79365e-08
1697 850000 -5.79365e-08
1698 850500 -5.79365e-08
1699 851000 -5.79365e-08
1700 851500 -5.79365e-08
1701 852000 -5.79365e-08
1702 852500 -5.79365e-08
1703 853000 -5.79365e-08
1704 853500 -5.79365e-08
1705 854000 -5.79365e-08
1706 854500 -5.79365e-08
1707 855000 -5.79365e-08
1708 855500 -5.79365e-08
1709 856000 -5.79365e-08
1710 856500 -5.79365e-08
1711 857000 -5.79365e-08
1712 857500 -5.79365e-08
1713 858000 -5.79365e-08
1714 858500 -5.79365e-08
1715 859000 -5.79365e-08
1716 859500 -5.79365e-08
1717 860000 -5.79365e-08
1718 860500 -5.79365e-08
1719 861000 -5.79365e-08
1720 861500 -5.79365e-08
1721 862000 -5.79365e-08
1722 862500 -5.79365e-08
1723 863000 -5.79365e-08
1724 863500 -5.79365e-08
1725 864000 -5.79365e-08
1726 864500 -5.79365e-08
1727 865000 -5.79365e-08
1728 865500 -5.79365e-08
1729 866000 -5.79365e-08
1730 866500 -5.79365e-08
1731 867000 -5.79365e-08
1732 867500 -5.79365e-08
1733 868000 -5.79365e-08
1734 868500 -5.79365e-08
1735 869000 -5.79365e-08
1736 869500 -5.79365e-08
1737 870000 -5.79365e-08
1738 870500 -5.79365e-08
1739 871000 -5.79365e-08
1740 871500 -5.79365e-08
1741 872000 -5.79365e-08
1742 872500 -5.79365e-08
1743 873000 -5.79365e-08
1744 873500 -5.79365e-08
1745 874000 -5.79365e-08
1746 874500 -5.79365e-08
1747 875000 -5.79365e-08
1748 875500 -5.79365e-08
1749 876000 -5.79365e-08
1750 876500 -5.79365e-08
1751 877000 -5.79365e-08
1752 877500 -5.79365e-08
1753 878000 -5.79365e-08
1754 878500 -5.79365e-08
1755 879000 -5.79365e-08
1756 879500 -5.79365e-08
1757 880000 -5.79365e-08
1758 880500 -5.79365e-08
1759 881000 -5.79365e-08
1760 881500 -5.79365e-08
1761 882000 -5.79365e-08
1762 882500 -5.79365e-08
1763 883000 -5.79365e-08
1764 883500 -5.79365e-08
1765 884000 -5.79365e-08
1766 884500 -5.79365e-08
1767 885000 -5.79365e-08
1768 885500 -5.79365e-08
1769 886000 -5.79365e-08
1770 886500 -5.79365e-08
1771 887000 -5.79365e-08
1772 887500 -5.79365e-08
1773 888000 -5.79365e-08
1774 888500 -5.79365e-08
1775 889000 -5.79365e-08
1776 889500 -5.79365e-08
1777 890000 -5.79365e-08
1778 890500 -5.79365e-08
1779 891000 -5.79365e-08
1780 891500 -5.79365e-08
1781 892000 -5.79365e-08
1782 892500 -5.79365e-08
1783 893000 -5.79365e-08
1784 893500 -5.79365e-08
1785 894000 -5.79365e-08
1786 894500 -5.79365e-08
1787 895000 -5.79365e-08
1788 895500 -5.79365e-08
1789 896000 -5.79365e-08
1790 896500 -5.79365e-08
1791 897000 -5.79365e-08
1792 897500 -5.79365e-08
1793 898000 -5.79365e-08
1794 898500 -5.79365e-08
1795 899000 -5.79365e-08
1796 899500 -5.79365e-08
1797 900000 -5.79365e-08
1798 900500 -5.79365e-08
1799 901000 -5.79365e-08
1800 901500 -5.79365e-08
1801 902000 -5.79365e-08
1802 902500 -5.79365e-08
1803 903000 -5.79365e-08
1804 903500 -5.79365e-08
1805 904000 -5.79365e-08
1806 904500 -5.79365e-08
1807 905000 -5.79365e-08
1808 905500 -5.79365e-08
1809 906000 -5.79365e-08
1810 906500 -5.79365e-08
1811 907000 -5.79365e-08
1812 907500 -5.79365e-08
1813 908000 -5.79365e-08
1814 908500 -5.79365e-08
1815 909000 -5.79365e-08
1816 909500 -5.79365e-08
1817 910000 -5.79365e-08
1818 910500 -5.79365e-08
1819 911000 -5.79365e-08
1820 911500 -5.79365e-08
1821 912000 -5.79365e-08
1822 912500 -5.79365e-08
1823 913000 -5.79365e-08
1824 913500 -5.79365e-08
1825 914000 -5.79365e-08
1826 914500 -5.79365e-08
1827 915000 -5.79365e-08
1828 915500 -5.79365e-08
1829 916000 -5.79365e-08
1830 916500 -5.79365e-08
1831 917000 -5.79365e-08
1832 917500 -5.79365e-08
1833 918000 -5.79365e-08
1834 918500 -5.79365e-08
1835 919000 -5.79365e-08
1836 919500 -5.79365e-08
1837 920000 -5.79365e-08
1838 920500 -5.79365e-08
1839 921000 -5.79365e-08
1840 921500 -5.79365e-08
1841 922000 -5.79365e-08
1842 922500 -5.79365e-08
1843 923000 -5.79365e-08
1844 923500 -5.79365e-08
1845 924000 -5.79365e-08
1846 924500 -5.79365e-08
1847 925000 -5.79365e-08
1848 925500 -5.79365e-08
1849 926000 -5.79365e-08
1850 926500 -5.79365e-08
1851 927000 -5.79365e-08
1852 927500 -5.79365e-08
1853 928000 -5.79365e-08
1854 928500 -5.79365e-08
1855 929000 -5.79365e-08
1856 929500 -5.79365e-08
1857 930000 -5.79365e-08
1858 930500 -5.79365e-08
1859 931000 -5.79365e-08
1860 931500 -5.79365e-08
1861 932000 -5.79365e-08
1862 932500 -5.79365e-08
1863 933000 -5.79365e-08
1864 933500 -5.79365e-08
1865 934000 -5.79365e-08
1866 934500 -5.79365e-08
1867 935000 -5.79365e-08
1868 935500 -5.79365e-08
1869 936000 -5.79365e-08
1870 936500 -5.79365e-08
1871 937000 -5.79365e-08
1872 937500 -5.79365e-08
1873 938000 -5.79365e-08
1874 938500 -5.79365e-08
1875 939000 -5.79365e-08
1876 939500 -5.79365e-08
1877 940000 -5.79365e-08
1878 940500 -5.79365e-08
1879 941000 -5.79365e-08
1880 941500 -5.79365e-08
1881 942000 -5.79365e-08
1882 942500 -5.79365e-08
1883 943000 -5.79365e-08
1884 943500 -5.79365e-08
1885 944000 -5.79365e-08
1886 944500 -5.79365e-08
1887 945000 -5.79365e-08
1888 945500 -5.79365e-08
1889 946000 -5.79365e-08
1890 946500 -5.79365e-08
1891 947000 -5.79365e-08
1892 947500 -5.79365e-08
1893 948000 -5.79365e-08
1894 948500 -5.79365e-08
1895 949000 -5.15805e-08
1896 949500 -5.15805e-08
1897 950000 -5.15805e-08
1898 950500 -5.15805e-08
1899 951000 -5.15805e-08
1900 951500 -5.15805e-08
1901 952000 -5.15805e-08
1902 952500 -5.15805e-08
1903 953000 -5.15805e-08
1904 953500 -5.15805e-08
1905 954000 -5.15805e-08
1906 954500 -5.15805e-08
1907 955000 -5.15805e-08
1908 955500 -5.15805e-08
1909 956000 -5.15805e-08
1910 956500 -5.15805e-08
1911 957000 -5.15805e-08
1912 957500 -5.15805e-08
1913 958000 -5.15805e-08
1914 958500 -5.15805e-08
1915 959000 -5.15805e-08
1916 959500 -5.15805e-08
1917 960000 -5.15805e-08
1918 960500 -5.15805e-08
1919 961000 -5.15805e-08
1920 961500 -5.15805e-08
1921 962000 -5.15805e-08
1922 962500 -5.15805e-08
1923 963000 -5.15805e-08
1924 963500 -5.15805e-08
1925 964000 -5.15805e-08
1926 964500 -5.15805e-08
1927 965000 -5.15805e-08
1928 965500 -5.15805e-08
1929 966000 -5.15805e-08
1930 966500 -5.15805e-08
1931 967000 -5.15805e-08
1932 967500 -5.15805e-08
1933 968000 -5.15805e-08
1934 968500 -5.15805e-08
1935 969000 -5.15805e-08
1936 969500 -5.15805e-08
1937 970000 -5.15805e-08
1938 970500 -5.15805e-08
1939 971000 -5.15805e-08
1940 971500 -5.15805e-08
1941 972000 -5.15805e-08
1942 972500 -5.15805e-08
1943 973000 -5.15805e-08
1944 973500 -5.15805e-08
1945 974000 -5.15805e-08
1946 974500 -5.15805e-08
1947 975000 -5.15805e-08
1948 975500 -5.15805e-08
1949 976000 -5.15805e-08
1950 976500 -5.15805e-08
1951 977000 -5.15805e-08
1952 977500 -5.15805e-08
1953 978000 -5.15805e-08
1954 978500 -5.15805e-08
1955 979000 -5.15805e-08
1956 979500 -5.15805e-08
1957 980000 -5.15805e-08
1958 980500 -5.15805e-08
1959 981000 -5.15805e-08
1960 981500 -5.15805e-08
1961 982000 -5.15805e-08
1962 982500 -5.15805e-08
1963 983000 -5.15805e-08
1964 983500 -5.15805e-08
1965 984000 -5.15805e-08
1966 984500 -5.15805e-08
1967 985000 -5.15805e-08
1968 985500 -5.15805e-08
1969 986000 -5.15805e-08
1970 986500 -5.15805e-08
1971 987000 -5.15805e-08
1972 987500 -5.15805e-08
1973 988000 -5.15805e-08
1974 988500 -5.15805e-08
1975 989000 -5.15805e-08
1976 989500 -5.15805e-08
1977 990000 -5.15805e-08
1978 990500 -5.15805e-08
1979 991000 -5.15805e-08
1980 991500 -5.15805e-08
1981 992000 -5.15805e-08
1982 992500 -5.15805e-08
1983 993000 -5.15805e-08
1984 993500 -5.15805e-08
1985 994000 -5.15805e-08
1986 994500 -5.15805e-08
1987 995000 -5.15805e-08
1988 995500 -5.15805e-08
1989 996000 -5.15805e-08
1990 996500 -5.15805e-08
1991 997000 -5.15805e-08
1992 997500 -5.15805e-08
1993 998000 -5.15805e-08
1994 998500 -5.15805e-08
1995 999000 -5.15805e-08
1996 999500 -5.15805e-08
1997 1000000 -5.15805e-08
1998 1000500 -5.15805e-08
1999 1001000 -5.15805e-08
